0 0.000000
1 2.000000
2 3.000000
3 4.000000
4 5.000000
5 6.000000
6 7.000000
7 8.000000
8 9.000000
9 10.000000
10 11.000000
11 12.000000
12 13.000000
13 14.000000
14 15.000000
15 16.000000
16 17.000000
17 18.000000
18 19.000000
19 20.000000
20 21.000000
21 22.000000
22 23.000000
23 24.000000
24 25.000000
25 26.000000
26 27.000000
27 28.000000
28 29.000000
29 30.000000
30 31.000000
31 32.000000
32 33.000000
33 34.000000
34 35.000000
35 36.000000
36 37.000000
37 38.000000
38 39.000000
39 40.000000
40 41.000000
41 42.000000
42 43.000000
43 44.000000
44 45.000000
45 46.000000
46 47.000000
47 48.000000
48 49.000000
49 50.000000
50 51.000000
51 52.000000
52 53.000000
53 54.000000
54 55.000000
55 56.000000
56 57.000000
57 58.000000
58 59.000000
59 60.000000
60 61.000000
61 62.000000
62 63.000000
63 64.000000
64 65.000000
65 66.000000
66 67.000000
67 68.000000
68 69.000000
69 70.000000
70 71.000000
71 72.000000
72 73.000000
73 74.000000
74 75.000000
75 76.000000
76 77.000000
77 78.000000
78 79.000000
79 80.000000
80 81.000000
81 82.000000
82 83.000000
83 84.000000
84 85.000000
85 86.000000
86 87.000000
87 88.000000
88 89.000000
89 90.000000
90 91.000000
91 92.000000
92 93.000000
93 94.000000
94 95.000000
95 96.000000
96 97.000000
97 98.000000
98 99.000000
99 100.000000
100 101.000000
101 102.000000
102 103.000000
103 104.000000
104 105.000000
105 106.000000
106 107.000000
107 108.000000
108 109.000000
109 110.000000
110 111.000000
111 112.000000
112 113.000000
113 114.000000
114 115.000000
115 116.000000
116 117.000000
117 118.000000
118 119.000000
119 120.000000
120 121.000000
121 122.000000
122 123.000000
123 124.000000
124 125.000000
125 126.000000
126 127.000000
127 128.000000
128 129.000000
129 130.000000
130 131.000000
131 132.000000
132 133.000000
133 134.000000
134 135.000000
135 136.000000
136 137.000000
137 138.000000
138 139.000000
139 140.000000
140 141.000000
141 142.000000
142 143.000000
143 144.000000
144 145.000000
145 146.000000
146 147.000000
147 148.000000
148 149.000000
149 150.000000
150 151.000000
151 152.000000
152 153.000000
153 154.000000
154 155.000000
155 156.000000
156 157.000000
157 158.000000
158 159.000000
159 160.000000
160 161.000000
161 162.000000
162 163.000000
163 164.000000
164 165.000000
165 166.000000
166 167.000000
167 168.000000
168 169.000000
169 170.000000
170 171.000000
171 172.000000
172 173.000000
173 17.300000
174 18.300000
175 19.300000
176 20.300000
177 21.300000
178 22.300000
179 23.300000
180 24.300000
181 25.300000
182 26.300000
183 27.300000
184 28.300000
185 29.300000
186 30.300000
187 31.300000
188 32.300000
189 33.300000
190 34.300000
191 35.300000
192 36.300000
193 37.300000
194 38.300000
195 39.300000
196 40.300000
197 41.300000
198 42.300000
199 43.300000
200 44.300000
201 45.300000
202 46.300000
203 47.300000
204 48.300000
205 49.300000
206 50.300000
207 51.300000
208 52.300000
209 53.300000
210 54.300000
211 55.300000
212 56.300000
213 57.300000
214 58.300000
215 59.300000
216 60.300000
217 61.300000
218 62.300000
219 63.300000
220 64.300000
221 65.300000
222 66.300000
223 67.300000
224 68.300000
225 69.300000
226 70.300000
227 71.300000
228 72.300000
229 73.300000
230 74.300000
231 75.300000
232 76.300000
233 77.300000
234 78.300000
235 79.300000
236 7.930000
237 8.930000
238 9.930000
239 10.930000
240 11.930000
241 12.930000
242 13.930000
243 14.930000
244 15.930000
245 16.930000
246 17.930000
247 18.930000
248 19.930000
249 20.930000
250 21.930000
251 22.930000
252 23.930000
253 24.930000
254 25.930000
255 26.930000
256 27.930000
257 28.930000
258 29.930000
259 30.930000
260 31.930000
261 32.930000
262 33.930000
263 34.930000
264 35.930000
265 36.930000
266 37.930000
267 38.930000
268 39.930000
269 39.955044
270 39.980072
271 40.005084
272 40.030081
273 40.055062
274 40.080028
275 40.104978
276 40.129913
277 40.154832
278 40.179735
279 40.204624
280 40.229496
281 40.254354
282 4.025435
283 5.025435
284 6.025435
285 7.025435
286 8.025435
287 9.025435
288 10.025435
289 11.025435
290 12.025435
291 13.025435
292 14.025435
293 15.025435
294 16.025435
295 17.025435
296 18.025435
297 19.025435
298 20.025435
299 21.025435
300 21.072997
301 21.120451
302 21.167798
303 21.215040
304 21.262176
305 21.309208
306 21.356136
307 21.402961
308 21.449684
309 21.496304
310 21.542824
311 21.589243
312 21.635563
313 21.681783
314 21.727904
315 21.773928
316 21.819855
317 21.865685
318 21.911418
319 21.957057
320 22.002600
321 22.048049
322 22.093405
323 22.138667
324 22.183837
325 22.228915
326 22.273901
327 22.318797
328 22.363602
329 22.408318
330 22.452944
331 22.497482
332 22.541931
333 22.586293
334 22.630567
335 22.674755
336 22.718857
337 22.762874
338 22.806805
339 22.850651
340 22.894414
341 22.938093
342 22.981688
343 23.025201
344 23.068632
345 23.111981
346 23.155248
347 23.198435
348 23.241541
349 23.284568
350 23.327515
351 23.370382
352 23.413172
353 23.455883
354 23.498516
355 23.541072
356 23.583551
357 23.625953
358 23.668280
359 23.710530
360 23.752706
361 23.794806
362 23.836832
363 23.878784
364 23.920662
365 23.962467
366 24.004199
367 24.045858
368 24.087445
369 24.128961
370 24.170405
371 24.211778
372 24.253080
373 24.294312
374 2.429431
375 3.429431
376 4.429431
377 5.429431
378 6.429431
379 7.429431
380 8.429431
381 9.429431
382 10.429431
383 11.429431
384 12.429431
385 12.509885
386 12.589822
387 12.669251
388 12.748183
389 12.826625
390 12.904588
391 12.982080
392 13.059109
393 13.135684
394 13.211813
395 13.287502
396 13.362761
397 13.437596
398 13.512014
399 13.586022
400 13.659627
401 13.732836
402 13.805654
403 13.878088
404 13.950144
405 14.021828
406 14.093145
407 14.164102
408 14.234703
409 14.304954
410 14.374859
411 14.444425
412 14.513656
413 14.582557
414 14.651132
415 14.719386
416 14.787324
417 14.854949
418 14.922267
419 14.989281
420 15.055995
421 15.122414
422 15.188541
423 15.254380
424 15.319935
425 15.385209
426 15.450207
427 15.514931
428 15.579385
429 15.643572
430 15.707496
431 15.771160
432 15.834567
433 15.897720
434 15.960622
435 16.023276
436 16.085685
437 16.147853
438 16.209780
439 16.271471
440 16.332929
441 16.394155
442 16.455152
443 16.515923
444 16.576471
445 16.636797
446 16.696905
447 16.756796
448 16.816474
449 16.875939
450 16.935195
451 16.994244
452 17.053087
453 17.111728
454 17.170167
455 17.228408
456 17.286451
457 17.344300
458 17.401956
459 17.459421
460 17.516696
461 17.573785
462 17.630688
463 17.687407
464 17.743944
465 17.800302
466 1.780030
467 2.780030
468 3.780030
469 4.780030
470 5.780030
471 6.780030
472 7.780030
473 8.780030
474 9.780030
475 9.882279
476 9.983471
477 10.083636
478 10.182807
479 10.281011
480 10.378278
481 10.474633
482 10.570102
483 10.664708
484 10.758476
485 1.075848
486 1.000000
487 2.000000
488 2.500000
489 2.900000
490 3.244828
491 3.553010
492 3.834462
493 4.095255
494 4.339440
495 4.569884
496 4.788708
497 4.997533
498 5.197631
499 5.390027
500 5.575555
501 5.754909
502 5.928674
503 6.097345
504 6.261351
505 6.421061
506 6.576799
507 6.728848
508 6.877462
509 7.022865
510 7.165257
511 7.304819
512 7.441715
513 7.576093
514 7.708087
515 7.837821
516 7.965407
517 8.090950
518 8.214545
519 8.336280
520 8.456238
521 8.574494
522 8.691119
523 8.806179
524 8.919735
525 9.031846
526 9.142565
527 9.251944
528 9.360029
529 9.466867
530 9.572498
531 9.676964
532 9.780302
533 9.882549
534 9.983737
535 10.083900
536 10.183068
537 10.281270
538 10.378535
539 10.474887
540 10.570354
541 10.664958
542 10.758723
543 10.851671
544 10.943822
545 11.035198
546 11.125817
547 11.215698
548 11.304859
549 11.393317
550 11.481087
551 11.568187
552 11.654631
553 11.740434
554 11.825610
555 11.910172
556 11.994134
557 12.077508
558 12.160306
559 12.242541
560 12.324224
561 12.405365
562 12.485975
563 12.566065
564 12.645644
565 12.724723
566 12.803310
567 12.881415
568 12.959046
569 13.036212
570 13.112921
571 13.189182
572 13.265002
573 13.340388
574 13.415349
575 13.489890
576 13.564020
577 13.637744
578 13.711070
579 13.784004
580 13.856552
581 13.928720
582 14.000514
583 14.071940
584 14.143003
585 14.213709
586 14.284064
587 14.354072
588 14.423739
589 14.493069
590 14.562067
591 14.630739
592 14.699088
593 14.767120
594 14.834838
595 14.902247
596 14.969351
597 15.036154
598 15.102660
599 15.168874
600 15.234798
601 15.300437
602 15.365795
603 15.430874
604 15.495680
605 15.560214
606 15.624480
607 15.688482
608 15.752223
609 15.815706
610 15.878935
611 15.941911
612 16.004639
613 16.067121
614 16.129360
