0 0.000000
1 2.000000
2 3.000000
3 4.000000
4 5.000000
5 6.000000
6 7.000000
7 8.000000
8 9.000000
9 10.000000
10 11.000000
11 12.000000
12 13.000000
13 14.000000
14 15.000000
15 16.000000
16 17.000000
17 18.000000
18 19.000000
19 20.000000
20 21.000000
21 22.000000
22 23.000000
23 24.000000
24 25.000000
25 26.000000
26 27.000000
27 28.000000
28 29.000000
29 30.000000
30 31.000000
31 32.000000
32 33.000000
33 34.000000
34 35.000000
35 36.000000
36 37.000000
37 38.000000
38 39.000000
39 40.000000
40 41.000000
41 42.000000
42 43.000000
43 44.000000
44 45.000000
45 46.000000
46 47.000000
47 48.000000
48 49.000000
49 50.000000
50 51.000000
51 52.000000
52 53.000000
53 54.000000
54 55.000000
55 56.000000
56 57.000000
57 58.000000
58 59.000000
59 60.000000
60 61.000000
61 62.000000
62 63.000000
63 64.000000
64 65.000000
65 66.000000
66 67.000000
67 68.000000
68 69.000000
69 70.000000
70 71.000000
71 72.000000
72 73.000000
73 74.000000
74 75.000000
75 76.000000
76 77.000000
77 78.000000
78 79.000000
79 80.000000
80 81.000000
81 82.000000
82 83.000000
83 84.000000
84 85.000000
85 86.000000
86 87.000000
87 88.000000
88 89.000000
89 90.000000
90 91.000000
91 92.000000
92 93.000000
93 94.000000
94 95.000000
95 96.000000
96 97.000000
97 98.000000
98 99.000000
99 100.000000
100 101.000000
101 102.000000
102 103.000000
103 104.000000
104 105.000000
105 106.000000
106 107.000000
107 108.000000
108 109.000000
109 110.000000
110 111.000000
111 112.000000
112 113.000000
113 114.000000
114 115.000000
115 116.000000
116 117.000000
117 118.000000
118 119.000000
119 120.000000
120 121.000000
121 122.000000
122 123.000000
123 124.000000
124 125.000000
125 126.000000
126 127.000000
127 128.000000
128 129.000000
129 130.000000
130 131.000000
131 132.000000
132 133.000000
133 134.000000
134 135.000000
135 136.000000
136 137.000000
137 138.000000
138 139.000000
139 140.000000
140 141.000000
141 142.000000
142 143.000000
143 144.000000
144 145.000000
145 146.000000
146 147.000000
147 148.000000
148 149.000000
149 150.000000
150 151.000000
151 152.000000
152 153.000000
153 154.000000
154 155.000000
155 156.000000
156 157.000000
157 158.000000
158 159.000000
159 160.000000
160 161.000000
161 162.000000
162 163.000000
163 164.000000
164 165.000000
165 166.000000
166 167.000000
167 168.000000
168 169.000000
169 170.000000
170 171.000000
171 172.000000
172 173.000000
173 34.600000
174 35.600000
175 36.600000
176 37.600000
177 38.600000
178 39.600000
179 40.600000
180 41.600000
181 42.600000
182 43.600000
183 44.600000
184 45.600000
185 46.600000
186 47.600000
187 48.600000
188 49.600000
189 50.600000
190 51.600000
191 52.600000
192 53.600000
193 54.600000
194 55.600000
195 56.600000
196 57.600000
197 58.600000
198 59.600000
199 60.600000
200 61.600000
201 62.600000
202 63.600000
203 64.600000
204 65.600000
205 66.600000
206 67.600000
207 68.600000
208 69.600000
209 70.600000
210 71.600000
211 72.600000
212 73.600000
213 74.600000
214 75.600000
215 76.600000
216 77.600000
217 78.600000
218 79.600000
219 80.600000
220 81.600000
221 82.600000
222 83.600000
223 84.600000
224 85.600000
225 86.600000
226 86.611547
227 86.623093
228 86.634637
229 86.646180
230 86.657721
231 86.669261
232 86.680799
233 86.692336
234 86.703871
235 86.715404
236 17.343081
237 18.343081
238 19.343081
239 20.343081
240 21.343081
241 22.343081
242 23.343081
243 24.343081
244 25.343081
245 26.343081
246 27.343081
247 28.343081
248 29.343081
249 30.343081
250 31.343081
251 32.343081
252 33.343081
253 34.343081
254 35.343081
255 36.343081
256 37.343081
257 38.343081
258 39.343081
259 40.343081
260 41.343081
261 42.343081
262 43.343081
263 44.343081
264 44.365632
265 44.388172
266 44.410701
267 44.433218
268 44.455724
269 44.478218
270 44.500701
271 44.523172
272 44.545633
273 44.568081
274 44.590519
275 44.612945
276 44.635360
277 44.657764
278 44.680157
279 44.702538
280 44.724908
281 44.747267
282 8.949453
283 9.949453
284 10.949453
285 11.949453
286 12.949453
287 13.949453
288 14.949453
289 15.949453
290 16.949453
291 17.949453
292 18.949453
293 19.949453
294 20.949453
295 21.949453
296 22.949453
297 22.993027
298 23.036519
299 23.079928
300 23.123256
301 23.166502
302 23.209668
303 23.252754
304 23.295759
305 23.338686
306 23.381533
307 23.424302
308 23.466992
309 23.509605
310 23.552141
311 23.594600
312 23.636983
313 23.679289
314 23.721520
315 23.763676
316 23.805757
317 23.847764
318 23.889697
319 23.931556
320 23.973341
321 24.015054
322 24.056695
323 24.098263
324 24.139760
325 24.181186
326 24.222540
327 24.263824
328 24.305038
329 24.346181
330 24.387256
331 24.428261
332 24.469197
333 24.510064
334 24.550864
335 24.591596
336 24.632260
337 24.672857
338 24.713388
339 24.753852
340 24.794249
341 24.834581
342 24.874848
343 24.915049
344 24.955185
345 24.995257
346 25.035265
347 25.075208
348 25.115088
349 25.154905
350 25.194659
351 25.234350
352 25.273978
353 25.313545
354 25.353049
355 25.392492
356 25.431874
357 25.471195
358 25.510455
359 25.549654
360 25.588794
361 25.627873
362 25.666893
363 25.705854
364 25.744756
365 25.783599
366 25.822383
367 25.861109
368 25.899777
369 25.938387
370 25.976940
371 26.015436
372 26.053875
373 26.092257
374 5.218451
375 6.218451
376 7.218451
377 8.218451
378 9.218451
379 10.218451
380 11.218451
381 12.218451
382 13.218451
383 13.294103
384 13.369324
385 13.444123
386 13.518505
387 13.592477
388 13.666047
389 13.739221
390 13.812006
391 13.884406
392 13.956430
393 14.028081
394 14.099367
395 14.170292
396 14.240862
397 14.311083
398 14.380959
399 14.450495
400 14.519697
401 14.588569
402 14.657116
403 14.725342
404 14.793252
405 14.860850
406 14.928141
407 14.995129
408 15.061817
409 15.128210
410 15.194312
411 15.260126
412 15.325656
413 15.390906
414 15.455880
415 15.520580
416 15.585011
417 15.649175
418 15.713076
419 15.776717
420 15.840102
421 15.903233
422 15.966113
423 16.028746
424 16.091134
425 16.153280
426 16.215186
427 16.276857
428 16.338294
429 16.399500
430 16.460477
431 16.521229
432 16.581757
433 16.642064
434 16.702153
435 16.762026
436 16.821684
437 16.881131
438 16.940369
439 16.999400
440 17.058225
441 17.116848
442 17.175270
443 17.233493
444 17.291520
445 17.349352
446 17.406991
447 17.464439
448 17.521698
449 17.578770
450 17.635657
451 17.692360
452 17.748882
453 17.805223
454 17.861387
455 17.917373
456 17.973185
457 18.028824
458 18.084290
459 18.139587
460 18.194715
461 18.249676
462 18.304471
463 18.359103
464 18.413572
465 18.467880
466 3.693576
467 4.693576
468 5.693576
469 6.693576
470 7.693576
471 8.693576
472 9.693576
473 9.796737
474 9.898812
475 9.999834
476 10.099836
477 10.198847
478 10.296898
479 10.394014
480 10.490223
481 10.585550
482 10.680019
483 10.773651
484 10.866470
485 2.173294
486 1.000000
487 2.000000
488 2.500000
489 2.900000
490 3.244828
491 3.553010
492 3.834462
493 4.095255
494 4.339440
495 4.569884
496 4.788708
497 4.997533
498 5.197631
499 5.390027
500 5.575555
501 5.754909
502 5.928674
503 6.097345
504 6.261351
505 6.421061
506 6.576799
507 6.728848
508 6.877462
509 7.022865
510 7.165257
511 7.304819
512 7.441715
513 7.576093
514 7.708087
515 7.837821
516 7.965407
517 8.090950
518 8.214545
519 8.336280
520 8.456238
521 8.574494
522 8.691119
523 8.806179
524 8.919735
525 9.031846
526 9.142565
527 9.251944
528 9.360029
529 9.466867
530 9.572498
531 9.676964
532 9.780302
533 9.882549
534 9.983737
535 10.083900
536 10.183068
537 10.281270
538 10.378535
539 10.474887
540 10.570354
541 10.664958
542 10.758723
543 10.851671
544 10.943822
545 11.035198
546 11.125817
547 11.215698
548 11.304859
549 11.393317
550 11.481087
551 11.568187
552 11.654631
553 11.740434
554 11.825610
555 11.910172
556 11.994134
557 12.077508
558 12.160306
559 12.242541
560 12.324224
561 12.405365
562 12.485975
563 12.566065
564 12.645644
565 12.724723
566 12.803310
567 12.881415
568 12.959046
569 13.036212
570 13.112921
571 13.189182
572 13.265002
573 13.340388
574 13.415349
575 13.489890
576 13.564020
577 13.637744
578 13.711070
579 13.784004
580 13.856552
581 13.928720
582 14.000514
583 14.071940
584 14.143003
585 14.213709
586 14.284064
587 14.354072
588 14.423739
589 14.493069
590 14.562067
591 14.630739
592 14.699088
593 14.767120
594 14.834838
595 14.902247
596 14.969351
597 15.036154
598 15.102660
599 15.168874
600 15.234798
601 15.300437
602 15.365795
603 15.430874
604 15.495680
605 15.560214
606 15.624480
607 15.688482
608 15.752223
609 15.815706
610 15.878935
611 15.941911
612 16.004639
613 16.067121
614 16.129360
