0 0.000000
1 2.000000
2 3.000000
3 4.000000
4 5.000000
5 6.000000
6 7.000000
7 8.000000
8 9.000000
9 10.000000
10 11.000000
11 12.000000
12 13.000000
13 14.000000
14 15.000000
15 16.000000
16 17.000000
17 18.000000
18 19.000000
19 20.000000
20 21.000000
21 22.000000
22 23.000000
23 24.000000
24 25.000000
25 26.000000
26 27.000000
27 28.000000
28 29.000000
29 30.000000
30 31.000000
31 32.000000
32 33.000000
33 34.000000
34 35.000000
35 36.000000
36 37.000000
37 38.000000
38 39.000000
39 40.000000
40 41.000000
41 42.000000
42 43.000000
43 44.000000
44 45.000000
45 46.000000
46 47.000000
47 48.000000
48 49.000000
49 50.000000
50 51.000000
51 52.000000
52 53.000000
53 54.000000
54 55.000000
55 56.000000
56 57.000000
57 58.000000
58 59.000000
59 60.000000
60 61.000000
61 62.000000
62 63.000000
63 64.000000
64 65.000000
65 66.000000
66 67.000000
67 68.000000
68 69.000000
69 70.000000
70 71.000000
71 72.000000
72 73.000000
73 74.000000
74 75.000000
75 76.000000
76 77.000000
77 78.000000
78 79.000000
79 80.000000
80 81.000000
81 82.000000
82 83.000000
83 84.000000
84 85.000000
85 86.000000
86 87.000000
87 88.000000
88 89.000000
89 90.000000
90 91.000000
91 92.000000
92 93.000000
93 94.000000
94 95.000000
95 96.000000
96 97.000000
97 98.000000
98 99.000000
99 100.000000
100 101.000000
101 102.000000
102 103.000000
103 104.000000
104 105.000000
105 106.000000
106 107.000000
107 108.000000
108 109.000000
109 110.000000
110 111.000000
111 112.000000
112 113.000000
113 114.000000
114 115.000000
115 116.000000
116 117.000000
117 118.000000
118 119.000000
119 120.000000
120 121.000000
121 122.000000
122 123.000000
123 124.000000
124 125.000000
125 126.000000
126 127.000000
127 128.000000
128 129.000000
129 130.000000
130 131.000000
131 132.000000
132 133.000000
133 134.000000
134 135.000000
135 136.000000
136 137.000000
137 138.000000
138 139.000000
139 140.000000
140 141.000000
141 142.000000
142 143.000000
143 144.000000
144 145.000000
145 146.000000
146 147.000000
147 148.000000
148 149.000000
149 150.000000
150 151.000000
151 152.000000
152 153.000000
153 154.000000
154 155.000000
155 156.000000
156 157.000000
157 158.000000
158 159.000000
159 160.000000
160 161.000000
161 162.000000
162 163.000000
163 164.000000
164 165.000000
165 166.000000
166 167.000000
167 168.000000
168 169.000000
169 170.000000
170 171.000000
171 172.000000
172 173.000000
173 86.500000
174 86.511561
175 86.523120
176 86.534677
177 86.546234
178 86.557788
179 86.569341
180 86.580892
181 86.592442
182 86.603991
183 86.615537
184 86.627083
185 86.638626
186 86.650169
187 86.661709
188 86.673248
189 86.684786
190 86.696322
191 86.707857
192 86.719390
193 86.730921
194 86.742451
195 86.753979
196 86.765506
197 86.777032
198 86.788555
199 86.800078
200 86.811598
201 86.823117
202 86.834635
203 86.846151
204 86.857666
205 86.869179
206 86.880691
207 86.892201
208 86.903709
209 86.915216
210 86.926722
211 86.938226
212 86.949728
213 86.961229
214 86.972728
215 86.984226
216 86.995722
217 87.007217
218 87.018711
219 87.030202
220 87.041693
221 87.053181
222 87.064669
223 87.076154
224 87.087638
225 87.099121
226 87.110602
227 87.122082
228 87.133560
229 87.145037
230 87.156512
231 87.167985
232 87.179458
233 87.190928
234 87.202397
235 87.213865
236 43.606932
237 43.629865
238 43.652785
239 43.675693
240 43.698589
241 43.721473
242 43.744345
243 43.767205
244 43.790053
245 43.812889
246 43.835714
247 43.858526
248 43.881327
249 43.904115
250 43.926892
251 43.949657
252 43.972411
253 43.995152
254 44.017882
255 44.040600
256 44.063306
257 44.086001
258 44.108684
259 44.131355
260 44.154015
261 44.176663
262 44.199299
263 44.221924
264 44.244537
265 44.267139
266 44.289729
267 44.312308
268 44.334875
269 44.357430
270 44.379974
271 44.402507
272 44.425028
273 44.447538
274 44.470037
275 44.492524
276 44.514999
277 44.537464
278 44.559917
279 44.582358
280 44.604789
281 44.627208
282 22.313604
283 22.358420
284 22.403146
285 22.447782
286 22.492330
287 22.536790
288 22.581161
289 22.625446
290 22.669644
291 22.713756
292 22.757782
293 22.801723
294 22.845580
295 22.889352
296 22.933040
297 22.976645
298 23.020168
299 23.063608
300 23.106966
301 23.150243
302 23.193439
303 23.236555
304 23.279591
305 23.322547
306 23.365424
307 23.408222
308 23.450942
309 23.493584
310 23.536149
311 23.578637
312 23.621048
313 23.663383
314 23.705643
315 23.747827
316 23.789936
317 23.831970
318 23.873931
319 23.915818
320 23.957631
321 23.999371
322 24.041039
323 24.082635
324 24.124158
325 24.165610
326 24.206992
327 24.248302
328 24.289542
329 24.330712
330 24.371812
331 24.412843
332 24.453805
333 24.494699
334 24.535524
335 24.576281
336 24.616971
337 24.657593
338 24.698149
339 24.738638
340 24.779060
341 24.819417
342 24.859708
343 24.899934
344 24.940094
345 24.980190
346 25.020222
347 25.060190
348 25.100094
349 25.139934
350 25.179712
351 25.219426
352 25.259078
353 25.298668
354 25.338196
355 25.377662
356 25.417066
357 25.456410
358 25.495693
359 25.534915
360 25.574077
361 25.613179
362 25.652222
363 25.691205
364 25.730129
365 25.768993
366 25.807800
367 25.846548
368 25.885238
369 25.923870
370 25.962444
371 26.000961
372 26.039421
373 26.077825
374 13.038912
375 13.115606
376 13.191851
377 13.267655
378 13.343027
379 13.417972
380 13.492499
381 13.566614
382 13.640325
383 13.713637
384 13.786557
385 13.859091
386 13.931246
387 14.003027
388 14.074440
389 14.145491
390 14.216185
391 14.286527
392 14.356523
393 14.426178
394 14.495496
395 14.564483
396 14.633144
397 14.701482
398 14.769502
399 14.837209
400 14.904607
401 14.971701
402 15.038493
403 15.104989
404 15.171193
405 15.237107
406 15.302736
407 15.368084
408 15.433154
409 15.497949
410 15.562474
411 15.626731
412 15.690724
413 15.754456
414 15.817930
415 15.881150
416 15.944117
417 16.006836
418 16.069310
419 16.131540
420 16.193530
421 16.255284
422 16.316802
423 16.378089
424 16.439146
425 16.499976
426 16.560582
427 16.620967
428 16.681132
429 16.741080
430 16.800813
431 16.860334
432 16.919645
433 16.978747
434 17.037645
435 17.096338
436 17.154830
437 17.213123
438 17.271218
439 17.329118
440 17.386824
441 17.444339
442 17.501664
443 17.558802
444 17.615753
445 17.672521
446 17.729106
447 17.785510
448 17.841736
449 17.897784
450 17.953657
451 18.009356
452 18.064882
453 18.120238
454 18.175425
455 18.230445
456 18.285298
457 18.339987
458 18.394512
459 18.448876
460 18.503080
461 18.557125
462 18.611013
463 18.664745
464 18.718322
465 18.771745
466 9.385873
467 9.492416
468 9.597763
469 9.701954
470 9.805026
471 9.907014
472 10.007953
473 10.107874
474 10.206806
475 10.304780
476 10.401822
477 10.497959
478 10.593216
479 10.687616
480 10.781182
481 10.873937
482 10.965900
483 11.057091
484 11.147531
485 5.573766
486 2.786883
487 3.145707
488 3.463600
489 3.752317
490 4.018819
491 4.267648
492 4.501970
493 4.724095
494 4.935775
495 5.138378
496 5.332992
497 5.520504
498 5.701647
499 5.877035
500 6.047188
501 6.212554
502 6.373519
503 6.530418
504 6.683548
505 6.833169
506 6.979514
507 7.122790
508 7.263185
509 7.400865
510 7.535985
511 7.668681
512 7.799082
513 7.927302
514 8.053448
515 8.177619
516 8.299904
517 8.420387
518 8.539146
519 8.656254
520 8.771778
521 8.885780
522 8.998319
523 9.109451
524 9.219227
525 9.327696
526 9.434903
527 9.540893
528 9.645705
529 9.749378
530 9.851949
531 9.953451
532 10.053919
533 10.153383
534 10.251872
535 10.349415
536 10.446039
537 10.541769
538 10.636630
539 10.730645
540 10.823836
541 10.916224
542 11.007831
543 11.098676
544 11.188776
545 11.278152
546 11.366819
547 11.454794
548 11.542094
549 11.628733
550 11.714727
551 11.800090
552 11.884835
553 11.968976
554 12.052525
555 12.135495
556 12.217898
557 12.299745
558 12.381048
559 12.461816
560 12.542061
561 12.621793
562 12.701021
563 12.779755
564 12.858004
565 12.935776
566 13.013081
567 13.089927
568 13.166322
569 13.242273
570 13.317789
571 13.392876
572 13.467543
573 13.541795
574 13.615641
575 13.689086
576 13.762137
577 13.834800
578 13.907081
579 13.978987
580 14.050523
581 14.121695
582 14.192508
583 14.262968
584 14.333079
585 14.402848
586 14.472279
587 14.541376
588 14.610146
589 14.678591
590 14.746718
591 14.814529
592 14.882031
593 14.949226
594 15.016119
595 15.082714
596 15.149015
597 15.215026
598 15.280750
599 15.346192
600 15.411355
601 15.476242
602 15.540857
603 15.605204
604 15.669285
605 15.733104
606 15.796664
607 15.859969
608 15.923021
609 15.985823
610 16.048378
611 16.110690
612 16.172760
613 16.234593
614 16.296190
