0 0.000000
1 2.330000
2 3.660000
3 4.990000
4 6.320000
5 7.650000
6 8.980000
7 10.310000
8 11.640000
9 12.970000
10 14.300000
11 15.630000
12 16.960000
13 18.290000
14 19.620000
15 20.950000
16 22.280000
17 23.610000
18 24.940000
19 26.270000
20 27.600000
21 28.930000
22 30.260000
23 31.590000
24 32.920000
25 34.250000
26 35.580000
27 36.910000
28 38.240000
29 39.570000
30 40.900000
31 42.230000
32 43.560000
33 44.890000
34 46.220000
35 47.550000
36 48.880000
37 50.210000
38 51.540000
39 52.870000
40 54.200000
41 55.530000
42 56.860000
43 58.190000
44 59.520000
45 60.850000
46 62.180000
47 63.510000
48 64.840000
49 66.170000
50 67.500000
51 68.830000
52 70.160000
53 71.490000
54 72.820000
55 74.150000
56 75.480000
57 76.810000
58 78.140000
59 79.470000
60 80.800000
61 82.130000
62 83.460000
63 84.790000
64 86.120000
65 87.450000
66 88.780000
67 90.110000
68 91.440000
69 92.770000
70 94.100000
71 95.430000
72 96.760000
73 98.090000
74 99.420000
75 100.750000
76 102.080000
77 103.410000
78 104.740000
79 106.070000
80 107.400000
81 108.730000
82 110.060000
83 111.390000
84 112.720000
85 114.050000
86 115.380000
87 116.710000
88 118.040000
89 119.370000
90 120.700000
91 122.030000
92 123.360000
93 124.690000
94 126.020000
95 127.350000
96 128.680000
97 130.010000
98 131.340000
99 132.670000
100 134.000000
101 135.330000
102 136.660000
103 137.990000
104 139.320000
105 140.650000
106 141.980000
107 143.310000
108 144.640000
109 145.970000
110 147.300000
111 148.630000
112 149.960000
113 151.290000
114 152.620000
115 153.950000
116 155.280000
117 156.610000
118 157.940000
119 159.270000
120 160.600000
121 161.930000
122 163.260000
123 164.590000
124 165.920000
125 167.250000
126 168.580000
127 169.910000
128 171.240000
129 172.570000
130 173.900000
131 175.230000
132 176.560000
133 177.890000
134 179.220000
135 180.550000
136 181.880000
137 183.210000
138 184.540000
139 185.870000
140 187.200000
141 188.530000
142 189.860000
143 191.190000
144 192.520000
145 193.850000
146 195.180000
147 196.510000
148 197.840000
149 199.170000
150 200.500000
151 201.830000
152 203.160000
153 204.490000
154 205.820000
155 207.150000
156 208.480000
157 209.810000
158 211.140000
159 212.470000
160 213.800000
161 215.130000
162 216.460000
163 217.790000
164 219.120000
165 220.450000
166 221.780000
167 223.110000
168 224.440000
169 225.770000
170 227.100000
171 228.430000
172 229.760000
173 45.952000
174 47.282000
175 48.612000
176 49.942000
177 51.272000
178 52.602000
179 53.932000
180 55.262000
181 56.592000
182 57.922000
183 59.252000
184 60.582000
185 61.912000
186 63.242000
187 64.572000
188 65.902000
189 67.232000
190 68.562000
191 69.892000
192 71.222000
193 72.552000
194 73.882000
195 75.212000
196 76.542000
197 77.872000
198 79.202000
199 80.532000
200 81.862000
201 83.192000
202 84.522000
203 85.852000
204 87.182000
205 88.512000
206 89.842000
207 91.172000
208 92.502000
209 93.832000
210 95.162000
211 96.492000
212 97.822000
213 99.152000
214 100.482000
215 101.812000
216 103.142000
217 104.472000
218 105.802000
219 107.132000
220 108.462000
221 109.792000
222 111.122000
223 112.452000
224 113.782000
225 115.112000
226 115.120687
227 115.129374
228 115.138060
229 115.146745
230 115.155429
231 115.164113
232 115.172797
233 115.181479
234 115.190161
235 115.198842
236 23.039768
237 24.369768
238 25.699768
239 27.029768
240 28.359768
241 29.689768
242 31.019768
243 32.349768
244 33.679768
245 35.009768
246 36.339768
247 37.669768
248 38.999768
249 40.329768
250 41.659768
251 42.989768
252 44.319768
253 45.649768
254 46.979768
255 48.309768
256 49.639768
257 50.969768
258 52.299768
259 53.629768
260 54.959768
261 56.289768
262 57.619768
263 57.637124
264 57.654474
265 57.671818
266 57.689158
267 57.706492
268 57.723821
269 57.741145
270 57.758464
271 57.775777
272 57.793085
273 57.810389
274 57.827686
275 57.844979
276 57.862267
277 57.879549
278 57.896826
279 57.914099
280 57.931366
281 57.948627
282 11.589725
283 12.919725
284 14.249725
285 15.579725
286 16.909725
287 18.239725
288 19.569725
289 20.899725
290 22.229725
291 23.559725
292 24.889725
293 26.219725
294 27.549725
295 28.879725
296 30.209725
297 30.242827
298 30.275893
299 30.308923
300 30.341916
301 30.374874
302 30.407796
303 30.440682
304 30.473533
305 30.506348
306 30.539128
307 30.571873
308 30.604583
309 30.637258
310 30.669898
311 30.702503
312 30.735074
313 30.767610
314 30.800112
315 30.832579
316 30.865012
317 30.897411
318 30.929777
319 30.962108
320 30.994405
321 31.026669
322 31.058900
323 31.091097
324 31.123260
325 31.155390
326 31.187488
327 31.219552
328 31.251583
329 31.283581
330 31.315547
331 31.347480
332 31.379380
333 31.411249
334 31.443084
335 31.474888
336 31.506659
337 31.538398
338 31.570106
339 31.601781
340 31.633425
341 31.665037
342 31.696618
343 31.728167
344 31.759685
345 31.791171
346 31.822626
347 31.854051
348 31.885444
349 31.916806
350 31.948138
351 31.979438
352 32.010708
353 32.041948
354 32.073157
355 32.104336
356 32.135484
357 32.166602
358 32.197691
359 32.228749
360 32.259777
361 32.290775
362 32.321744
363 32.352683
364 32.383592
365 32.414472
366 32.445322
367 32.476143
368 32.506935
369 32.537698
370 32.568432
371 32.599136
372 32.629812
373 32.660459
374 6.532092
375 7.862092
376 9.192092
377 10.522092
378 11.852092
379 13.182092
380 14.512092
381 15.842092
382 17.172092
383 17.230326
384 17.288363
385 17.346205
386 17.403855
387 17.461313
388 17.518583
389 17.575665
390 17.632562
391 17.689275
392 17.745807
393 17.802158
394 17.858331
395 17.914327
396 17.970148
397 18.025796
398 18.081272
399 18.136578
400 18.191715
401 18.246685
402 18.301490
403 18.356130
404 18.410608
405 18.464924
406 18.519081
407 18.573080
408 18.626921
409 18.680607
410 18.734138
411 18.787517
412 18.840743
413 18.893820
414 18.946747
415 18.999527
416 19.052160
417 19.104647
418 19.156990
419 19.209191
420 19.261249
421 19.313167
422 19.364945
423 19.416585
424 19.468087
425 19.519453
426 19.570684
427 19.621781
428 19.672745
429 19.723576
430 19.774277
431 19.824848
432 19.875290
433 19.925603
434 19.975790
435 20.025851
436 20.075786
437 20.125597
438 20.175285
439 20.224851
440 20.274295
441 20.323619
442 20.372822
443 20.421907
444 20.470875
445 20.519724
446 20.568458
447 20.617076
448 20.665580
449 20.713969
450 20.762246
451 20.810410
452 20.858463
453 20.906405
454 20.954237
455 21.001961
456 21.049575
457 21.097082
458 21.144482
459 21.191776
460 21.238964
461 21.286047
462 21.333026
463 21.379902
464 21.426675
465 21.473346
466 4.294669
467 5.624669
468 6.954669
469 8.284669
470 9.614669
471 10.944669
472 11.036038
473 11.126650
474 11.216524
475 11.305679
476 11.394130
477 11.481894
478 11.568988
479 11.655426
480 11.741223
481 11.826393
482 11.910949
483 11.994906
484 12.078274
485 2.415655
486 1.000000
487 2.330000
488 2.759185
489 3.121610
490 3.441958
491 3.732490
492 4.000408
493 4.250382
494 4.485655
495 4.708588
496 4.920966
497 5.124178
498 5.319331
499 5.507325
500 5.688901
501 5.864682
502 6.035194
503 6.200889
504 6.362156
505 6.519336
506 6.672726
507 6.822589
508 6.969161
509 7.112651
510 7.253245
511 7.391115
512 7.526412
513 7.659278
514 7.789838
515 7.918211
516 8.044502
517 8.168810
518 8.291227
519 8.411836
520 8.530717
521 8.647940
522 8.763575
523 8.877683
524 8.990325
525 9.101556
526 9.211427
527 9.319988
528 9.427284
529 9.533359
530 9.638254
531 9.742007
532 9.844656
533 9.946234
534 10.046774
535 10.146309
536 10.244867
537 10.342477
538 10.439165
539 10.534958
540 10.629880
541 10.723955
542 10.817204
543 10.909649
544 11.001311
545 11.092209
546 11.182363
547 11.271789
548 11.360506
549 11.448531
550 11.535878
551 11.622564
552 11.708604
553 11.794011
554 11.878800
555 11.962983
556 12.046575
557 12.129586
558 12.212029
559 12.293915
560 12.375256
561 12.456063
562 12.536345
563 12.616113
564 12.695377
565 12.774146
566 12.852429
567 12.930235
568 13.007573
569 13.084451
570 13.160878
571 13.236861
572 13.312407
573 13.387525
574 13.462222
575 13.536504
576 13.610378
577 13.683851
578 13.756930
579 13.829621
580 13.901929
581 13.973862
582 14.045424
583 14.116622
584 14.187460
585 14.257945
586 14.328081
587 14.397874
588 14.467329
589 14.536450
590 14.605243
591 14.673711
592 14.741860
593 14.809694
594 14.877218
595 14.944435
596 15.011349
597 15.077965
598 15.144287
599 15.210319
600 15.276064
601 15.341526
602 15.406708
603 15.471615
604 15.536249
605 15.600615
606 15.664715
607 15.728553
608 15.792131
609 15.855454
610 15.918524
611 15.981344
612 16.043917
613 16.106246
614 16.168333
615 16.230183
616 16.291796
617 16.353177
618 16.414327
619 16.475249
620 16.535947
621 16.596421
622 16.656675
623 16.716711
624 16.776531
625 16.836138
626 16.895534
627 16.954722
628 17.013702
629 3.402740
630 4.732740
631 6.062740
632 7.392740
633 8.722740
634 8.837383
635 8.950539
636 9.062264
637 9.172612
638 9.281632
639 9.389372
640 9.495875
641 9.601184
642 9.705338
643 9.808374
644 9.910328
645 10.011232
646 10.111120
647 10.210021
648 10.307964
649 10.404977
650 10.501084
651 10.596313
652 10.690685
653 10.784225
654 10.876953
655 10.968890
656 11.060057
657 11.150472
658 11.240155
659 11.329121
660 11.417390
661 11.504975
662 11.591894
663 11.678161
664 11.763791
665 11.848798
666 11.933195
667 12.016994
668 12.100210
669 12.182853
670 12.264936
671 12.346469
672 12.427464
673 12.507931
674 12.587880
675 12.667322
676 12.746265
677 12.824719
678 12.902694
679 12.980197
680 13.057237
681 13.133823
682 13.209962
683 13.285663
684 13.360932
685 13.435777
686 13.510205
687 13.584223
688 13.657838
689 13.731056
690 13.803884
691 13.876327
692 13.948392
693 14.020085
694 14.091411
695 14.162377
696 14.232986
697 14.303246
698 14.373160
699 14.442734
700 14.511973
701 14.580881
702 14.649464
703 14.717726
704 14.785672
705 14.853305
706 14.920630
707 14.987651
708 15.054373
709 15.120798
710 15.186933
711 15.252779
712 15.318340
713 15.383622
714 15.448626
715 15.513357
716 15.577817
717 15.642011
718 15.705941
719 15.769612
720 15.833025
721 15.896184
722 15.959092
723 16.021752
724 16.084167
725 16.146340
726 16.208274
727 16.269971
728 16.331434
729 16.392665
730 16.453668
731 16.514445
732 16.574998
733 16.635330
734 16.695443
735 16.755339
736 16.815022
737 16.874492
738 16.933753
739 16.992807
740 17.051656
741 17.110301
742 17.168745
743 17.226991
744 17.285039
745 17.342893
746 17.400553
747 17.458022
748 17.515303
749 17.572396
750 17.629303
751 17.686027
752 17.742569
753 17.798930
754 17.855113
755 17.911120
756 17.966951
757 18.022609
758 18.078095
759 18.133410
760 18.188557
761 18.243537
762 18.298351
763 18.353000
764 18.407487
765 18.461813
766 18.515979
767 18.569986
768 18.623837
769 18.677531
770 18.731072
771 18.784459
772 18.837694
773 3.767539
774 5.097539
775 6.427539
776 7.757539
777 9.087539
778 10.417539
779 10.513531
780 10.608646
781 10.702909
782 10.796342
783 10.888966
784 10.980802
785 11.071870
786 11.162189
787 11.251777
788 11.340652
789 11.428830
790 11.516328
791 11.603161
792 11.689345
793 11.774893
794 11.859819
795 11.944137
796 2.388827
797 3.718827
798 5.048827
799 6.378827
800 6.535596
801 6.688604
802 6.838112
803 6.984352
804 7.127529
805 7.267830
806 7.405423
807 7.540459
808 7.673077
809 7.803402
810 7.931552
811 8.057630
812 8.181736
813 8.303960
814 8.424384
815 8.543087
816 8.660141
817 8.775613
818 8.889565
819 9.002056
820 9.113142
821 9.222874
822 9.331300
823 9.438466
824 9.544415
825 9.649189
826 9.752824
827 9.855359
828 9.956826
829 10.057260
830 10.156691
831 10.255148
832 10.352660
833 10.449253
834 10.544954
835 10.639786
836 10.733773
837 10.826937
838 10.919299
839 11.010880
840 11.101699
841 11.191776
842 11.281127
843 11.369771
844 11.457723
845 11.545000
846 11.631618
847 2.326324
848 3.656324
849 4.986324
850 6.316324
851 6.474644
852 6.629092
853 6.779942
854 6.927436
855 7.071790
856 7.213197
857 7.351832
858 7.487852
859 7.621402
860 7.752611
861 7.881600
862 8.008478
863 8.133345
864 8.256296
865 8.377416
866 8.496784
867 8.614476
868 8.730560
869 8.845100
870 8.958157
871 9.069787
872 9.180043
873 9.288975
874 9.396629
875 9.503051
876 9.608280
877 9.712357
878 9.815318
879 9.917200
880 10.018035
881 10.117855
882 10.216690
883 10.314569
884 10.411519
885 10.507567
886 10.602736
887 10.697052
888 10.790535
889 10.883209
890 10.975094
891 11.066209
892 11.156574
893 11.246208
894 11.335127
895 11.423348
896 11.510888
897 11.597762
898 11.683986
899 11.769573
900 11.854538
901 11.938894
902 12.022653
903 12.105830
904 12.188435
905 12.270480
906 12.351976
907 12.432935
908 12.513366
909 12.593281
910 12.672688
911 12.751598
912 12.830020
913 12.907962
914 12.985433
915 13.062443
916 13.138998
917 13.215107
918 13.290778
919 13.366019
920 13.440835
921 13.515235
922 13.589226
923 13.662814
924 13.736005
925 13.808806
926 13.881224
927 13.953264
928 14.024931
929 14.096233
930 14.167174
931 14.237760
932 14.307995
933 14.377886
934 14.447438
935 14.516654
936 14.585541
937 14.654102
938 14.722342
939 14.790266
940 14.857878
941 14.925182
942 14.992183
943 15.058885
944 15.125290
945 15.191405
946 15.257232
947 15.322774
948 15.388037
949 15.453022
950 15.517734
951 15.582177
952 15.646353
953 15.710265
954 15.773918
955 15.837314
956 15.900456
957 15.963347
958 16.025991
959 16.088389
960 16.150546
961 16.212463
962 16.274144
963 16.335591
964 16.396807
965 16.457795
966 16.518556
967 16.579094
968 16.639411
969 16.699510
970 16.759392
971 16.819060
972 16.878516
973 3.375703
974 4.705703
975 6.035703
976 7.365703
977 8.695703
978 8.810703
979 8.924201
980 9.036256
981 9.146921
982 9.256247
983 9.364283
984 9.471071
985 9.576656
986 9.681077
987 9.784371
988 9.886575
989 9.987722
990 10.087845
991 10.186974
992 10.285139
993 10.382366
994 10.478683
995 10.574115
996 10.668686
997 10.762418
998 10.855334
999 10.947455
1000 11.038800
1001 11.129390
1002 11.219242
1003 11.308374
1004 11.396804
1005 11.484548
1006 2.296910
1007 3.626910
1008 4.956910
1009 6.286910
1010 6.445970
1011 6.601106
1012 6.752596
1013 6.900687
1014 7.045600
1015 7.187533
1016 7.326662
1017 7.463150
1018 7.597142
1019 7.728770
1020 7.858157
1021 7.985413
1022 8.110642
1023 8.233936
1024 8.355385
1025 8.475068
1026 8.593062
1027 8.709434
1028 8.824252
1029 8.937577
1030 9.049464
1031 9.159967
1032 9.269138
1033 9.377023
1034 9.483667
1035 9.589111
1036 9.693396
1037 9.796559
1038 9.898636
1039 9.999660
1040 10.099663
1041 10.198676
1042 10.296728
1043 10.393847
1044 10.490057
1045 10.585386
1046 10.679856
1047 10.773490
1048 10.866310
1049 10.958338
1050 11.049593
1051 11.140094
1052 11.229859
1053 11.318908
1054 11.407256
1055 11.494919
1056 11.581914
1057 11.668255
1058 11.753958
1059 11.839036
1060 11.923502
1061 12.007370
1062 12.090652
1063 12.173361
1064 12.255507
1065 12.337103
1066 12.418160
1067 12.498687
1068 12.578695
1069 12.658195
1070 12.737195
1071 12.815705
1072 12.893735
1073 12.971292
1074 13.048385
1075 13.125023
1076 13.201213
1077 13.276964
1078 13.352282
1079 13.427176
1080 13.501652
1081 13.575717
1082 13.649377
1083 13.722641
1084 13.795513
1085 13.868000
1086 2.773600
1087 4.103600
1088 5.433600
1089 6.763600
1090 8.093600
1091 8.217155
1092 8.338851
1093 8.458772
1094 8.576992
1095 8.693583
1096 8.808611
1097 8.922136
1098 9.034217
1099 9.144907
1100 9.254257
1101 9.362316
1102 9.469127
1103 1.893825
1104 3.223825
1105 4.553825
1106 5.883825
1107 6.053783
1108 6.218969
1109 6.379767
1110 6.536513
1111 6.689499
1112 6.838988
1113 6.985208
1114 1.397042
1115 2.727042
1116 4.057042
1117 4.303527
1118 4.535894
1119 4.756358
1120 4.966603
1121 5.167948
1122 5.361448
1123 5.547965
1124 5.728211
1125 5.902786
1126 6.072197
1127 6.236882
1128 6.397219
1129 6.553537
1130 6.706126
1131 6.855243
1132 7.001117
1133 7.143952
1134 7.283930
1135 7.421219
1136 7.555967
1137 7.688313
1138 7.818381
1139 7.946284
1140 8.072129
1141 8.196012
1142 8.318023
1143 8.438244
1144 8.556752
1145 8.673619
1146 8.788911
1147 8.902691
1148 9.015016
1149 9.125942
1150 9.235520
1151 9.343798
1152 9.450820
1153 9.556631
1154 9.661271
1155 9.764777
1156 9.867186
1157 9.968532
1158 10.068847
1159 10.168164
1160 10.266510
1161 10.363914
1162 10.460402
1163 10.556001
1164 10.650734
1165 10.744624
1166 10.837694
1167 10.929965
1168 11.021456
1169 11.112188
1170 11.202180
1171 11.291448
1172 11.380010
1173 11.467884
1174 11.555084
1175 11.641626
1176 11.727525
1177 11.812794
1178 11.897448
1179 11.981500
1180 12.064962
1181 12.147846
1182 12.230165
1183 12.311930
1184 12.393152
1185 12.473842
1186 12.554010
1187 12.633666
1188 12.712819
1189 12.791480
1190 12.869657
1191 12.947359
1192 13.024595
1193 13.101373
1194 13.177701
1195 13.253587
1196 13.329038
1197 13.404062
1198 13.478666
1199 13.552858
1200 13.626643
1201 13.700028
1202 13.773021
1203 13.845627
1204 13.917852
1205 13.989702
1206 14.061183
1207 14.132301
1208 14.203061
1209 14.273468
1210 14.343528
1211 14.413246
1212 14.482627
1213 14.551675
1214 14.620395
1215 14.688793
1216 14.756872
1217 14.824637
1218 14.892092
1219 14.959242
1220 15.026090
1221 15.092641
1222 15.158899
1223 15.224867
1224 15.290549
1225 15.355949
1226 15.421070
1227 15.485916
1228 15.550491
1229 15.614798
1230 3.122960
1231 4.452960
1232 5.782960
1233 7.112960
1234 8.442960
1235 8.561401
1236 8.678205
1237 8.793436
1238 8.907157
1239 9.019426
1240 9.130298
1241 9.239824
1242 9.348051
1243 9.455025
1244 9.560789
1245 9.665383
1246 9.768845
1247 9.871211
1248 9.972516
1249 10.072791
1250 10.172069
1251 10.270377
1252 10.367744
1253 10.464197
1254 10.559761
1255 10.654461
1256 10.748318
1257 10.841356
1258 10.933595
1259 11.025056
1260 11.115759
1261 11.205721
1262 11.294961
1263 11.383496
1264 11.471343
1265 11.558517
1266 11.645033
1267 11.730906
1268 11.816151
1269 11.900781
1270 11.984809
1271 2.396962
1272 3.726962
1273 5.056962
1274 6.386962
1275 6.543531
1276 6.696354
1277 6.845689
1278 6.991766
1279 7.134791
1280 7.274950
1281 7.412408
1282 7.547316
1283 7.679814
1284 7.810025
1285 7.938066
1286 8.064041
1287 8.188049
1288 8.310178
1289 8.430512
1290 8.549129
1291 8.666100
1292 8.781492
1293 8.895368
1294 9.007786
1295 9.118801
1296 9.228465
1297 9.336825
1298 9.443928
1299 9.549816
1300 9.654530
1301 9.758108
1302 9.860587
1303 9.962001
1304 10.062382
1305 10.161762
1306 10.260171
1307 10.357635
1308 10.454182
1309 10.549837
1310 10.644626
1311 10.738570
1312 10.831692
1313 10.924014
1314 11.015555
1315 11.106336
1316 11.196375
1317 11.285689
1318 11.374297
1319 11.462215
1320 11.549458
1321 11.636042
1322 11.721982
1323 11.807292
1324 11.891985
1325 11.976075
1326 12.059575
1327 12.142497
1328 12.224852
1329 12.306653
1330 12.387910
1331 12.468633
1332 12.548835
1333 12.628523
1334 12.707709
1335 12.786402
1336 12.864610
1337 12.942342
1338 13.019608
1339 13.096415
1340 13.172772
1341 13.248686
1342 13.324165
1343 13.399217
1344 13.473848
1345 13.548066
1346 13.621877
1347 13.695289
1348 13.768306
1349 13.840937
1350 13.913186
1351 13.985061
1352 14.056566
1353 2.811313
1354 4.141313
1355 5.471313
1356 6.801313
1357 8.131313
1358 8.254294
1359 8.375444
1360 8.494840
1361 8.612559
1362 8.728668
1363 8.843233
1364 8.956314
1365 9.067967
1366 9.178245
1367 9.287199
1368 9.394874
1369 9.501315
1370 1.900263
1371 3.230263
1372 4.560263
1373 5.890263
1374 6.060035
1375 6.225050
1376 6.385692
1377 6.542292
1378 6.695143
1379 6.844505
1380 6.990608
1381 7.133657
1382 7.273837
1383 7.411317
1384 7.546245
1385 7.678762
1386 7.808991
1387 7.937048
1388 8.063040
1389 8.187063
1390 8.309206
1391 8.429555
1392 8.548185
1393 8.665169
1394 8.780574
1395 8.894461
1396 9.006891
1397 9.117917
1398 9.227591
1399 9.335962
1400 9.443074
1401 9.548972
1402 9.653695
1403 9.757283
1404 9.859770
1405 9.961193
1406 10.061582
1407 10.160970
1408 10.259386
1409 10.356858
1410 10.453412
1411 10.549075
1412 10.643870
1413 10.737820
1414 10.830949
1415 10.923277
1416 11.014825
1417 11.105612
1418 11.195656
1419 11.284976
1420 11.373590
1421 11.461513
1422 11.548761
1423 11.635351
1424 11.721296
1425 11.806610
1426 11.891309
1427 11.975404
1428 12.058908
1429 12.141835
1430 12.224194
1431 12.305999
1432 12.387261
1433 12.467989
1434 12.548194
1435 12.627887
1436 12.707077
1437 12.785773
1438 12.863985
1439 12.941721
1440 13.018991
1441 13.095802
1442 13.172162
1443 13.248080
1444 13.323562
1445 13.398617
1446 13.473252
1447 13.547473
1448 13.621288
1449 13.694702
1450 13.767723
1451 13.840357
1452 13.912609
1453 13.984486
1454 14.055994
1455 14.127138
1456 14.197924
1457 14.268357
1458 14.338442
1459 14.408184
1460 14.477589
1461 14.546662
1462 14.615406
1463 14.683827
1464 14.751929
1465 14.819717
1466 14.887195
1467 14.954366
1468 15.021236
1469 15.087809
1470 15.154088
1471 15.220076
1472 15.285779
1473 15.351199
1474 15.416341
1475 15.481207
1476 15.545802
1477 15.610128
1478 15.674189
1479 15.737988
1480 15.801528
1481 15.864813
1482 15.927846
1483 15.990629
1484 16.053166
1485 16.115459
1486 16.177511
1487 16.239325
1488 16.300904
1489 16.362250
1490 16.423367
1491 16.484255
1492 16.544919
1493 16.605361
1494 16.665582
1495 16.725586
1496 16.785375
1497 16.844951
1498 16.904316
1499 16.963472
1500 17.022422
1501 17.081168
1502 17.139712
1503 17.198056
1504 17.256202
1505 17.314153
1506 17.371909
1507 17.429473
1508 17.486847
1509 17.544033
1510 17.601032
1511 17.657847
1512 17.714479
1513 17.770930
1514 17.827202
1515 17.883296
1516 17.939214
1517 17.994958
1518 18.050529
1519 18.105929
1520 18.161160
1521 18.216222
1522 18.271118
1523 18.325849
1524 18.380417
1525 18.434823
1526 18.489068
1527 18.543154
1528 18.597082
1529 18.650854
1530 18.704471
1531 18.757934
1532 18.811245
1533 18.864405
1534 18.917415
1535 18.970276
1536 19.022990
1537 19.075558
1538 19.127981
1539 19.180260
1540 19.232397
1541 19.284393
1542 19.336248
1543 19.387965
1544 19.439543
1545 19.490985
1546 19.542290
1547 19.593462
1548 19.644499
1549 19.695404
1550 19.746177
1551 19.796820
1552 19.847333
1553 19.897718
1554 19.947975
1555 19.998105
1556 20.048110
1557 20.097990
1558 20.147746
1559 20.197379
1560 20.246891
1561 20.296281
1562 20.345551
1563 20.394702
1564 20.443734
1565 20.492649
1566 20.541447
1567 20.590129
1568 20.638696
1569 20.687149
1570 20.735488
1571 20.783714
1572 20.831829
