0 0.000000
1 2.000000
2 3.000000
3 4.000000
4 5.000000
5 6.000000
6 7.000000
7 8.000000
8 9.000000
9 10.000000
10 11.000000
11 12.000000
12 13.000000
13 14.000000
14 15.000000
15 16.000000
16 17.000000
17 18.000000
18 19.000000
19 20.000000
20 21.000000
21 22.000000
22 23.000000
23 24.000000
24 25.000000
25 26.000000
26 27.000000
27 28.000000
28 29.000000
29 30.000000
30 31.000000
31 32.000000
32 33.000000
33 34.000000
34 35.000000
35 36.000000
36 37.000000
37 38.000000
38 39.000000
39 40.000000
40 41.000000
41 42.000000
42 43.000000
43 44.000000
44 45.000000
45 46.000000
46 47.000000
47 48.000000
48 49.000000
49 50.000000
50 51.000000
51 52.000000
52 53.000000
53 54.000000
54 55.000000
55 56.000000
56 57.000000
57 58.000000
58 59.000000
59 60.000000
60 61.000000
61 62.000000
62 63.000000
63 64.000000
64 65.000000
65 66.000000
66 67.000000
67 68.000000
68 69.000000
69 70.000000
70 71.000000
71 72.000000
72 73.000000
73 74.000000
74 75.000000
75 76.000000
76 77.000000
77 78.000000
78 79.000000
79 80.000000
80 81.000000
81 82.000000
82 83.000000
83 84.000000
84 85.000000
85 86.000000
86 87.000000
87 88.000000
88 89.000000
89 90.000000
90 91.000000
91 92.000000
92 93.000000
93 94.000000
94 95.000000
95 96.000000
96 97.000000
97 98.000000
98 99.000000
99 100.000000
100 101.000000
101 102.000000
102 103.000000
103 104.000000
104 105.000000
105 106.000000
106 107.000000
107 108.000000
108 109.000000
109 110.000000
110 111.000000
111 112.000000
112 113.000000
113 114.000000
114 115.000000
115 116.000000
116 117.000000
117 118.000000
118 119.000000
119 120.000000
120 121.000000
121 122.000000
122 123.000000
123 124.000000
124 125.000000
125 126.000000
126 127.000000
127 128.000000
128 129.000000
129 130.000000
130 131.000000
131 132.000000
132 133.000000
133 134.000000
134 135.000000
135 136.000000
136 137.000000
137 138.000000
138 139.000000
139 140.000000
140 141.000000
141 142.000000
142 143.000000
143 144.000000
144 145.000000
145 146.000000
146 147.000000
147 148.000000
148 149.000000
149 150.000000
150 151.000000
151 152.000000
152 153.000000
153 154.000000
154 155.000000
155 156.000000
156 157.000000
157 158.000000
158 159.000000
159 160.000000
160 161.000000
161 162.000000
162 163.000000
163 164.000000
164 165.000000
165 166.000000
166 167.000000
167 168.000000
168 169.000000
169 170.000000
170 171.000000
171 172.000000
172 173.000000
173 34.600000
174 35.600000
175 36.600000
176 37.600000
177 38.600000
178 39.600000
179 40.600000
180 41.600000
181 42.600000
182 43.600000
183 44.600000
184 45.600000
185 46.600000
186 47.600000
187 48.600000
188 49.600000
189 50.600000
190 51.600000
191 52.600000
192 53.600000
193 54.600000
194 55.600000
195 56.600000
196 57.600000
197 58.600000
198 59.600000
199 60.600000
200 61.600000
201 62.600000
202 63.600000
203 64.600000
204 65.600000
205 66.600000
206 67.600000
207 68.600000
208 69.600000
209 70.600000
210 71.600000
211 72.600000
212 73.600000
213 74.600000
214 75.600000
215 76.600000
216 77.600000
217 78.600000
218 79.600000
219 80.600000
220 81.600000
221 82.600000
222 83.600000
223 84.600000
224 85.600000
225 86.600000
226 86.605774
227 86.611547
228 86.617320
229 86.623092
230 86.628865
231 86.634636
232 86.640408
233 86.646179
234 86.651949
235 86.657719
236 17.331544
237 18.331544
238 19.331544
239 20.331544
240 21.331544
241 22.331544
242 23.331544
243 24.331544
244 25.331544
245 26.331544
246 27.331544
247 28.331544
248 29.331544
249 30.331544
250 31.331544
251 32.331544
252 33.331544
253 34.331544
254 35.331544
255 36.331544
256 37.331544
257 38.331544
258 39.331544
259 40.331544
260 41.331544
261 42.331544
262 43.331544
263 43.343083
264 43.354619
265 43.366151
266 43.377681
267 43.389208
268 43.400731
269 43.412252
270 43.423770
271 43.435284
272 43.446795
273 43.458304
274 43.469809
275 43.481311
276 43.492810
277 43.504307
278 43.515800
279 43.527290
280 43.538777
281 43.550261
282 8.710052
283 9.710052
284 10.710052
285 11.710052
286 12.710052
287 13.710052
288 14.710052
289 15.710052
290 16.710052
291 17.710052
292 18.710052
293 19.710052
294 20.710052
295 21.710052
296 22.710052
297 22.732069
298 22.754064
299 22.776038
300 22.797991
301 22.819923
302 22.841834
303 22.863723
304 22.885592
305 22.907440
306 22.929267
307 22.951073
308 22.972858
309 22.994623
310 23.016367
311 23.038091
312 23.059794
313 23.081477
314 23.103139
315 23.124782
316 23.146403
317 23.168005
318 23.189586
319 23.211148
320 23.232689
321 23.254211
322 23.275712
323 23.297194
324 23.318656
325 23.340098
326 23.361520
327 23.382923
328 23.404306
329 23.425669
330 23.447014
331 23.468338
332 23.489644
333 23.510929
334 23.532196
335 23.553444
336 23.574672
337 23.595881
338 23.617071
339 23.638242
340 23.659395
341 23.680528
342 23.701642
343 23.722738
344 23.743815
345 23.764873
346 23.785912
347 23.806933
348 23.827935
349 23.848919
350 23.869884
351 23.890831
352 23.911760
353 23.932670
354 23.953562
355 23.974436
356 23.995291
357 24.016129
358 24.036948
359 24.057749
360 24.078533
361 24.099298
362 24.120046
363 24.140775
364 24.161487
365 24.182181
366 24.202858
367 24.223516
368 24.244157
369 24.264781
370 24.285387
371 24.305975
372 24.326547
373 24.347100
374 4.869420
375 5.869420
376 6.869420
377 7.869420
378 8.869420
379 9.869420
380 10.869420
381 11.869420
382 12.869420
383 12.908272
384 12.947007
385 12.985626
386 13.024130
387 13.062520
388 13.100797
389 13.138963
390 13.177018
391 13.214963
392 13.252799
393 13.290526
394 13.328147
395 13.365662
396 13.403071
397 13.440376
398 13.477577
399 13.514676
400 13.551673
401 13.588569
402 13.625364
403 13.662061
404 13.698658
405 13.735158
406 13.771561
407 13.807868
408 13.844079
409 13.880196
410 13.916218
411 13.952147
412 13.987984
413 14.023729
414 14.059383
415 14.094946
416 14.130420
417 14.165805
418 14.201101
419 14.236310
420 14.271431
421 14.306466
422 14.341415
423 14.376279
424 14.411059
425 14.445755
426 14.480367
427 14.514896
428 14.549344
429 14.583709
430 14.617994
431 14.652199
432 14.686323
433 14.720369
434 14.754335
435 14.788223
436 14.822034
437 14.855768
438 14.889425
439 14.923006
440 14.956511
441 14.989941
442 15.023297
443 15.056578
444 15.089787
445 15.122922
446 15.155984
447 15.188974
448 15.221893
449 15.254740
450 15.287517
451 15.320223
452 15.352860
453 15.385427
454 15.417925
455 15.450355
456 15.482717
457 15.515011
458 15.547238
459 15.579398
460 15.611492
461 15.643519
462 15.675481
463 15.707378
464 15.739211
465 15.770978
466 3.154196
467 4.154196
468 5.154196
469 6.154196
470 7.154196
471 8.154196
472 8.215514
473 8.276374
474 8.336787
475 8.396762
476 8.456309
477 8.515437
478 8.574153
479 8.632468
480 8.690389
481 8.747924
482 8.805080
483 8.861866
484 8.918287
485 1.783657
486 1.000000
487 1.500000
488 1.833333
489 2.106061
490 2.343471
491 2.556829
492 2.752384
493 2.934045
494 3.104458
495 3.265517
496 3.418632
497 3.564889
498 3.705146
499 3.840093
500 3.970299
501 4.096234
502 4.218297
503 4.336828
504 4.452120
505 4.564426
506 4.673969
507 4.780944
508 4.885526
509 4.987869
510 5.088112
511 5.186381
512 5.282787
513 5.377434
514 5.470415
515 5.561816
516 5.651715
517 5.740183
518 5.827289
519 5.913092
520 5.997650
521 6.081016
522 6.163239
523 6.244365
524 6.324437
525 6.403496
526 6.481578
527 6.558720
528 6.634954
529 6.710313
530 6.784825
531 6.858519
532 6.931421
533 7.003556
534 7.074948
535 7.145620
536 7.215593
537 7.284888
538 7.353523
539 7.421517
540 7.488889
541 7.555655
542 7.621830
543 7.687431
544 7.752473
545 7.816968
546 7.880932
547 7.944376
548 8.007313
549 8.069756
550 8.131716
551 8.193204
552 8.254230
553 8.314805
554 8.374939
555 8.434641
556 8.493920
557 8.552786
558 8.611246
559 8.669310
560 8.726984
561 8.784278
562 8.841198
563 8.897751
564 8.953945
565 9.009786
566 9.065282
567 9.120437
568 9.175259
569 9.229753
570 9.283926
571 9.337783
572 9.391329
573 9.444569
574 9.497510
575 9.550155
576 9.602510
577 9.654580
578 9.706369
579 9.757881
580 9.809122
581 9.860095
582 9.910804
583 9.961254
584 10.011449
585 10.061392
586 10.111087
587 10.160537
588 10.209747
589 10.258720
590 10.307459
591 10.355968
592 10.404249
593 10.452306
594 10.500143
595 10.547761
596 10.595164
597 10.642356
598 10.689338
599 10.736113
600 10.782685
601 10.829056
602 10.875228
603 10.921204
604 10.966986
605 11.012578
606 11.057981
607 11.103197
608 11.148229
609 11.193079
610 11.237749
611 11.282242
612 11.326560
613 11.370704
614 11.414676
