0 0.000000
1 2.000000
2 3.000000
3 4.000000
4 5.000000
5 6.000000
6 7.000000
7 8.000000
8 9.000000
9 10.000000
10 11.000000
11 12.000000
12 13.000000
13 14.000000
14 15.000000
15 16.000000
16 17.000000
17 18.000000
18 19.000000
19 20.000000
20 21.000000
21 22.000000
22 23.000000
23 24.000000
24 25.000000
25 26.000000
26 27.000000
27 28.000000
28 29.000000
29 30.000000
30 31.000000
31 32.000000
32 33.000000
33 34.000000
34 35.000000
35 36.000000
36 37.000000
37 38.000000
38 39.000000
39 40.000000
40 41.000000
41 42.000000
42 43.000000
43 44.000000
44 45.000000
45 46.000000
46 47.000000
47 48.000000
48 49.000000
49 50.000000
50 51.000000
51 52.000000
52 53.000000
53 54.000000
54 55.000000
55 56.000000
56 57.000000
57 58.000000
58 59.000000
59 60.000000
60 61.000000
61 62.000000
62 63.000000
63 64.000000
64 65.000000
65 66.000000
66 67.000000
67 68.000000
68 69.000000
69 70.000000
70 71.000000
71 72.000000
72 73.000000
73 74.000000
74 75.000000
75 76.000000
76 77.000000
77 78.000000
78 79.000000
79 80.000000
80 81.000000
81 82.000000
82 83.000000
83 84.000000
84 85.000000
85 86.000000
86 87.000000
87 88.000000
88 89.000000
89 90.000000
90 91.000000
91 92.000000
92 93.000000
93 94.000000
94 95.000000
95 96.000000
96 97.000000
97 98.000000
98 99.000000
99 100.000000
100 101.000000
101 102.000000
102 103.000000
103 104.000000
104 105.000000
105 106.000000
106 107.000000
107 108.000000
108 109.000000
109 110.000000
110 111.000000
111 112.000000
112 113.000000
113 114.000000
114 115.000000
115 116.000000
116 117.000000
117 118.000000
118 119.000000
119 120.000000
120 121.000000
121 122.000000
122 123.000000
123 124.000000
124 125.000000
125 126.000000
126 127.000000
127 128.000000
128 129.000000
129 130.000000
130 131.000000
131 132.000000
132 133.000000
133 134.000000
134 135.000000
135 136.000000
136 137.000000
137 138.000000
138 139.000000
139 140.000000
140 141.000000
141 142.000000
142 143.000000
143 144.000000
144 145.000000
145 146.000000
146 147.000000
147 148.000000
148 149.000000
149 150.000000
150 151.000000
151 152.000000
152 153.000000
153 154.000000
154 155.000000
155 156.000000
156 157.000000
157 158.000000
158 159.000000
159 160.000000
160 161.000000
161 162.000000
162 163.000000
163 164.000000
164 165.000000
165 166.000000
166 167.000000
167 168.000000
168 169.000000
169 170.000000
170 171.000000
171 172.000000
172 173.000000
173 34.600000
174 35.600000
175 36.600000
176 37.600000
177 38.600000
178 39.600000
179 40.600000
180 41.600000
181 42.600000
182 43.600000
183 44.600000
184 45.600000
185 46.600000
186 47.600000
187 48.600000
188 49.600000
189 50.600000
190 51.600000
191 52.600000
192 53.600000
193 54.600000
194 55.600000
195 56.600000
196 57.600000
197 58.600000
198 59.600000
199 60.600000
200 61.600000
201 62.600000
202 63.600000
203 64.600000
204 65.600000
205 66.600000
206 67.600000
207 68.600000
208 69.600000
209 70.600000
210 71.600000
211 72.600000
212 73.600000
213 74.600000
214 75.600000
215 76.600000
216 77.600000
217 78.600000
218 79.600000
219 80.600000
220 81.600000
221 82.600000
222 83.600000
223 84.600000
224 85.600000
225 86.600000
226 86.617321
227 86.634639
228 86.651953
229 86.669263
230 86.686570
231 86.703874
232 86.721174
233 86.738471
234 86.755765
235 86.773055
236 17.354611
237 18.354611
238 19.354611
239 20.354611
240 21.354611
241 22.354611
242 23.354611
243 24.354611
244 25.354611
245 26.354611
246 27.354611
247 28.354611
248 29.354611
249 30.354611
250 31.354611
251 32.354611
252 33.354611
253 34.354611
254 35.354611
255 36.354611
256 37.354611
257 38.354611
258 39.354611
259 40.354611
260 41.354611
261 42.354611
262 43.354611
263 44.354611
264 44.388429
265 44.422222
266 44.455989
267 44.489730
268 44.523446
269 44.557136
270 44.590800
271 44.624440
272 44.658053
273 44.691642
274 44.725205
275 44.758743
276 44.792256
277 44.825744
278 44.859207
279 44.892645
280 44.926058
281 44.959447
282 8.991889
283 9.991889
284 10.991889
285 11.991889
286 12.991889
287 13.991889
288 14.991889
289 15.991889
290 16.991889
291 17.991889
292 18.991889
293 19.991889
294 20.991889
295 21.991889
296 22.991889
297 23.057130
298 23.122186
299 23.187058
300 23.251750
301 23.316261
302 23.380594
303 23.444749
304 23.508730
305 23.572536
306 23.636169
307 23.699631
308 23.762923
309 23.826047
310 23.889003
311 23.951793
312 24.014419
313 24.076882
314 24.139182
315 24.201322
316 24.263302
317 24.325124
318 24.386788
319 24.448297
320 24.509651
321 24.570851
322 24.631899
323 24.692796
324 24.753542
325 24.814140
326 24.874589
327 24.934892
328 24.995048
329 25.055060
330 25.114928
331 25.174654
332 25.234238
333 25.293681
334 25.352984
335 25.412149
336 25.471175
337 25.530066
338 25.588820
339 25.647439
340 25.705925
341 25.764277
342 25.822497
343 25.880586
344 25.938544
345 25.996373
346 26.054074
347 26.111646
348 26.169092
349 26.226411
350 26.283606
351 26.340676
352 26.397622
353 26.454445
354 26.511146
355 26.567726
356 26.624186
357 26.680525
358 26.736746
359 26.792849
360 26.848834
361 26.904702
362 26.960455
363 27.016092
364 27.071614
365 27.127023
366 27.182318
367 27.237501
368 27.292572
369 27.347532
370 27.402382
371 27.457121
372 27.511752
373 27.566274
374 5.513255
375 6.513255
376 7.513255
377 8.513255
378 9.513255
379 10.513255
380 11.513255
381 12.513255
382 13.513255
383 14.513255
384 14.616609
385 14.719232
386 14.821139
387 14.922346
388 15.022866
389 15.122714
390 15.221903
391 15.320445
392 15.418353
393 15.515640
394 15.612317
395 15.708395
396 15.803885
397 15.898798
398 15.993145
399 16.086935
400 16.180179
401 16.272885
402 16.365062
403 16.456721
404 16.547869
405 16.638515
406 16.728668
407 16.818334
408 16.907523
409 16.996240
410 17.084495
411 17.172294
412 17.259644
413 17.346552
414 17.433025
415 17.519068
416 17.604689
417 17.689894
418 17.774688
419 17.859078
420 17.943068
421 18.026666
422 18.109876
423 18.192704
424 18.275155
425 18.357233
426 18.438945
427 18.520295
428 18.601287
429 18.681926
430 18.762218
431 18.842166
432 18.921774
433 19.001048
434 19.079991
435 19.158608
436 19.236901
437 19.314877
438 19.392537
439 19.469886
440 19.546928
441 19.623667
442 19.700105
443 19.776247
444 19.852095
445 19.927654
446 20.002926
447 20.077915
448 20.152624
449 20.227056
450 20.301214
451 20.375102
452 20.448721
453 20.522075
454 20.595167
455 20.668000
456 20.740576
457 20.812898
458 20.884968
459 20.956790
460 21.028366
461 21.099698
462 21.170789
463 21.241642
464 21.312258
465 21.382640
466 4.276528
467 5.276528
468 6.276528
469 7.276528
470 8.276528
471 9.276528
472 10.276528
473 11.276528
474 11.409548
475 11.541016
476 11.670988
477 11.799512
478 11.926635
479 12.052404
480 12.176861
481 12.300045
482 12.421996
483 12.542750
484 12.662341
485 2.532468
486 1.000000
487 2.000000
488 2.750000
489 3.295455
490 3.750627
491 4.150560
492 4.511957
493 4.844407
494 5.154042
495 5.445076
496 5.720554
497 5.982767
498 6.233487
499 6.474123
500 6.705814
501 6.929501
502 7.145967
503 7.355875
504 7.559794
505 7.758212
506 7.951555
507 8.140198
508 8.324469
509 8.504660
510 8.681034
511 8.853825
512 9.023243
513 9.189480
514 9.352710
515 9.513092
516 9.670769
517 9.825876
518 9.978534
519 10.128857
520 10.276948
521 10.422906
522 10.566820
523 10.708774
524 10.848846
525 10.987109
526 11.123633
527 11.258481
528 11.391714
529 11.523388
530 11.653558
531 11.782275
532 11.909584
533 12.035533
534 12.160164
535 12.283518
536 12.405633
537 12.526546
538 12.646291
539 12.764903
540 12.882413
541 12.998851
542 13.114245
543 13.228625
544 13.342015
545 13.454442
546 13.565930
547 13.676501
548 13.786178
549 13.894982
550 14.002935
551 14.110055
552 14.216363
553 14.321875
554 14.426610
555 14.530584
556 14.633815
557 14.736317
558 14.838106
559 14.939198
560 15.039605
561 15.139341
562 15.238421
563 15.336856
564 15.434660
565 15.531844
566 15.628419
567 15.724398
568 15.819792
569 15.914610
570 16.008863
571 16.102561
572 16.195714
573 16.288331
574 16.380421
575 16.471994
576 16.563058
577 16.653621
578 16.743691
579 16.833277
580 16.922386
581 17.011026
582 17.099204
583 17.186928
584 17.274203
585 17.361038
586 17.447438
587 17.533411
588 17.618962
589 17.704097
590 17.788824
591 17.873146
592 17.957071
593 18.040603
594 18.123749
595 18.206514
596 18.288902
597 18.370919
598 18.452569
599 18.533859
600 18.614792
601 18.695373
602 18.775607
603 18.855498
604 18.935050
605 19.014268
606 19.093156
607 19.171718
608 19.249959
609 19.327881
610 19.405489
611 19.482787
612 19.559778
613 19.636466
614 19.712854
