0 0.000000
1 2.000000
2 3.000000
3 4.000000
4 5.000000
5 6.000000
6 7.000000
7 8.000000
8 9.000000
9 10.000000
10 11.000000
11 12.000000
12 13.000000
13 14.000000
14 15.000000
15 16.000000
16 17.000000
17 18.000000
18 19.000000
19 20.000000
20 21.000000
21 22.000000
22 23.000000
23 24.000000
24 25.000000
25 26.000000
26 27.000000
27 28.000000
28 29.000000
29 30.000000
30 31.000000
31 32.000000
32 33.000000
33 34.000000
34 35.000000
35 36.000000
36 37.000000
37 38.000000
38 39.000000
39 40.000000
40 41.000000
41 42.000000
42 43.000000
43 44.000000
44 45.000000
45 46.000000
46 47.000000
47 48.000000
48 49.000000
49 50.000000
50 51.000000
51 52.000000
52 53.000000
53 54.000000
54 55.000000
55 56.000000
56 57.000000
57 58.000000
58 59.000000
59 60.000000
60 61.000000
61 62.000000
62 63.000000
63 64.000000
64 65.000000
65 66.000000
66 67.000000
67 68.000000
68 69.000000
69 70.000000
70 71.000000
71 72.000000
72 73.000000
73 74.000000
74 75.000000
75 76.000000
76 77.000000
77 78.000000
78 79.000000
79 80.000000
80 81.000000
81 82.000000
82 83.000000
83 84.000000
84 85.000000
85 86.000000
86 87.000000
87 88.000000
88 89.000000
89 90.000000
90 91.000000
91 92.000000
92 93.000000
93 94.000000
94 95.000000
95 96.000000
96 97.000000
97 98.000000
98 99.000000
99 100.000000
100 101.000000
101 102.000000
102 103.000000
103 104.000000
104 105.000000
105 106.000000
106 107.000000
107 108.000000
108 109.000000
109 110.000000
110 111.000000
111 112.000000
112 113.000000
113 114.000000
114 115.000000
115 116.000000
116 117.000000
117 118.000000
118 119.000000
119 120.000000
120 121.000000
121 122.000000
122 123.000000
123 124.000000
124 125.000000
125 126.000000
126 127.000000
127 128.000000
128 129.000000
129 130.000000
130 131.000000
131 132.000000
132 133.000000
133 134.000000
134 135.000000
135 136.000000
136 137.000000
137 138.000000
138 139.000000
139 140.000000
140 141.000000
141 142.000000
142 143.000000
143 144.000000
144 145.000000
145 146.000000
146 147.000000
147 148.000000
148 149.000000
149 150.000000
150 151.000000
151 152.000000
152 153.000000
153 154.000000
154 155.000000
155 156.000000
156 157.000000
157 158.000000
158 159.000000
159 160.000000
160 161.000000
161 162.000000
162 163.000000
163 164.000000
164 165.000000
165 166.000000
166 167.000000
167 168.000000
168 169.000000
169 170.000000
170 171.000000
171 172.000000
172 173.000000
173 34.600000
174 35.600000
175 36.600000
176 37.600000
177 38.600000
178 39.600000
179 40.600000
180 41.600000
181 42.600000
182 43.600000
183 44.600000
184 45.600000
185 46.600000
186 47.600000
187 48.600000
188 49.600000
189 50.600000
190 51.600000
191 52.600000
192 53.600000
193 54.600000
194 55.600000
195 56.600000
196 57.600000
197 58.600000
198 59.600000
199 60.600000
200 61.600000
201 62.600000
202 63.600000
203 64.600000
204 65.600000
205 66.600000
206 67.600000
207 68.600000
208 69.600000
209 70.600000
210 71.600000
211 72.600000
212 73.600000
213 74.600000
214 75.600000
215 76.600000
216 77.600000
217 78.600000
218 79.600000
219 80.600000
220 81.600000
221 82.600000
222 83.600000
223 84.600000
224 85.600000
225 86.600000
226 86.623095
227 86.646183
228 86.669266
229 86.692342
230 86.715412
231 86.738476
232 86.761534
233 86.784585
234 86.807631
235 86.830670
236 17.366134
237 18.366134
238 19.366134
239 20.366134
240 21.366134
241 22.366134
242 23.366134
243 24.366134
244 25.366134
245 26.366134
246 27.366134
247 28.366134
248 29.366134
249 30.366134
250 31.366134
251 32.366134
252 33.366134
253 34.366134
254 35.366134
255 36.366134
256 37.366134
257 38.366134
258 39.366134
259 40.366134
260 41.366134
261 42.366134
262 43.366134
263 44.366134
264 44.411214
265 44.456247
266 44.501235
267 44.546178
268 44.591075
269 44.635927
270 44.680734
271 44.725496
272 44.770213
273 44.814886
274 44.859514
275 44.904097
276 44.948637
277 44.993132
278 45.037583
279 45.081991
280 45.126354
281 45.170674
282 9.034135
283 10.034135
284 11.034135
285 12.034135
286 13.034135
287 14.034135
288 15.034135
289 16.034135
290 17.034135
291 18.034135
292 19.034135
293 20.034135
294 21.034135
295 22.034135
296 23.034135
297 23.120963
298 23.207464
299 23.293643
300 23.379504
301 23.465049
302 23.550282
303 23.635206
304 23.719826
305 23.804144
306 23.888163
307 23.971886
308 24.055317
309 24.138459
310 24.221314
311 24.303886
312 24.386177
313 24.468191
314 24.549930
315 24.631397
316 24.712594
317 24.793524
318 24.874190
319 24.954595
320 25.034741
321 25.114630
322 25.194264
323 25.273648
324 25.352781
325 25.431668
326 25.510310
327 25.588710
328 25.666869
329 25.744791
330 25.822476
331 25.899928
332 25.977149
333 26.054139
334 26.130903
335 26.207440
336 26.283755
337 26.359847
338 26.435720
339 26.511375
340 26.586815
341 26.662040
342 26.737053
343 26.811856
344 26.886449
345 26.960836
346 27.035018
347 27.108996
348 27.182772
349 27.256348
350 27.329726
351 27.402906
352 27.475891
353 27.548682
354 27.621281
355 27.693689
356 27.765908
357 27.837938
358 27.909783
359 27.981442
360 28.052918
361 28.124212
362 28.195325
363 28.266259
364 28.337015
365 28.407594
366 28.477997
367 28.548227
368 28.618284
369 28.688169
370 28.757884
371 28.827431
372 28.896809
373 28.966021
374 5.793204
375 6.793204
376 7.793204
377 8.793204
378 9.793204
379 10.793204
380 11.793204
381 12.793204
382 13.793204
383 14.793204
384 14.928401
385 15.062374
386 15.195155
387 15.326776
388 15.457267
389 15.586656
390 15.714971
391 15.842238
392 15.968483
393 16.093729
394 16.218001
395 16.341321
396 16.463710
397 16.585190
398 16.705779
399 16.825498
400 16.944365
401 17.062399
402 17.179616
403 17.296033
404 17.411666
405 17.526532
406 17.640644
407 17.754019
408 17.866669
409 17.978610
410 18.089853
411 18.200412
412 18.310300
413 18.419528
414 18.528108
415 18.636052
416 18.743371
417 18.850076
418 18.956176
419 19.061683
420 19.166605
421 19.270953
422 19.374736
423 19.477964
424 19.580644
425 19.682785
426 19.784397
427 19.885487
428 19.986063
429 20.086132
430 20.185704
431 20.284784
432 20.383380
433 20.481499
434 20.579148
435 20.676334
436 20.773063
437 20.869341
438 20.965176
439 21.060572
440 21.155536
441 21.250074
442 21.344191
443 21.437894
444 21.531186
445 21.624075
446 21.716564
447 21.808660
448 21.900367
449 21.991689
450 22.082633
451 22.173202
452 22.263401
453 22.353234
454 22.442707
455 22.531822
456 22.620586
457 22.709001
458 22.797072
459 22.884802
460 22.972196
461 23.059258
462 23.145991
463 23.232399
464 23.318486
465 23.404255
466 4.680851
467 5.680851
468 6.680851
469 7.680851
470 8.680851
471 9.680851
472 10.680851
473 11.680851
474 12.680851
475 12.838569
476 12.994350
477 13.148263
478 13.300374
479 13.450746
480 13.599436
481 13.746501
482 13.891993
483 14.035961
484 14.178452
485 2.835690
486 1.000000
487 2.000000
488 3.000000
489 3.666667
490 4.212121
491 4.686941
492 5.113659
493 5.504768
494 5.868090
495 6.208916
496 6.531033
497 6.837264
498 7.129778
499 7.410292
500 7.680187
501 7.940597
502 8.192467
503 8.436594
504 8.673657
505 8.904240
506 9.128852
507 9.347938
508 9.561889
509 9.771052
510 9.975738
511 10.176225
512 10.372761
513 10.565574
514 10.754868
515 10.940830
516 11.123632
517 11.303429
518 11.480367
519 11.654577
520 11.826184
521 11.995300
522 12.162032
523 12.326478
524 12.488730
525 12.648875
526 12.806992
527 12.963156
528 13.117440
529 13.269909
530 13.420625
531 13.569650
532 13.717038
533 13.862842
534 14.007112
535 14.149897
536 14.291241
537 14.431186
538 14.569775
539 14.707046
540 14.843035
541 14.977778
542 15.111309
543 15.243661
544 15.374863
545 15.504945
546 15.633936
547 15.761863
548 15.888752
549 16.014627
550 16.139513
551 16.263432
552 16.386407
553 16.508460
554 16.629610
555 16.749877
556 16.869281
557 16.987840
558 17.105571
559 17.222492
560 17.338619
561 17.453969
562 17.568556
563 17.682396
564 17.795502
565 17.907890
566 18.019573
567 18.130563
568 18.240874
569 18.350518
570 18.459507
571 18.567852
572 18.675565
573 18.782657
574 18.889138
575 18.995019
576 19.100310
577 19.205020
578 19.309160
579 19.412738
580 19.515763
581 19.618244
582 19.720190
583 19.821609
584 19.922509
585 20.022898
586 20.122783
587 20.222173
588 20.321075
589 20.419495
590 20.517440
591 20.614918
592 20.711935
593 20.808498
594 20.904613
595 21.000285
596 21.095522
597 21.190329
598 21.284712
599 21.378676
600 21.472227
601 21.565370
602 21.658112
603 21.750456
604 21.842408
605 21.933973
606 22.025156
607 22.115961
608 22.206393
609 22.296458
610 22.386158
611 22.475499
612 22.564485
613 22.653120
614 22.741408
