0 0.000000
1 2.000000
2 3.000000
3 4.000000
4 5.000000
5 6.000000
6 7.000000
7 8.000000
8 9.000000
9 10.000000
10 11.000000
11 12.000000
12 13.000000
13 14.000000
14 15.000000
15 16.000000
16 17.000000
17 18.000000
18 19.000000
19 20.000000
20 21.000000
21 4.200000
22 5.200000
23 6.200000
24 7.200000
25 8.200000
26 9.200000
27 10.200000
28 11.200000
29 11.289286
30 11.377865
31 11.465755
32 11.552971
33 11.639529
34 11.725443
35 11.810728
36 11.895397
37 11.979463
38 12.062939
39 12.145838
40 12.228170
41 12.309949
42 12.391184
43 12.471886
44 12.552067
45 12.631735
46 12.710901
47 12.789573
48 12.867762
49 2.573552
50 3.573552
51 4.573552
52 1.000000
53 2.000000
54 3.000000
55 3.333333
56 3.633333
57 1.000000
58 1.000000
59 2.000000
60 1.000000
61 2.000000
62 2.500000
63 2.900000
64 3.244828
65 3.553010
66 3.834462
67 4.095255
68 4.339440
69 4.569884
70 4.788708
71 4.997533
72 1.000000
73 2.000000
74 3.000000
75 3.333333
76 3.633333
77 3.908563
78 4.164411
79 4.404541
80 4.631580
81 4.847489
82 5.053781
83 5.251653
84 5.442069
85 5.625823
86 5.803574
87 5.975882
88 6.143221
89 6.306002
90 6.464581
91 6.619270
92 6.770345
93 6.918047
94 7.062597
95 7.204188
96 7.342996
97 7.479180
98 7.612885
99 7.744241
100 7.873369
101 8.000380
102 8.125374
103 8.248445
104 8.369680
105 8.489159
106 8.606956
107 8.723141
108 8.837779
109 8.950929
110 9.062650
111 9.172993
112 9.282008
113 9.389744
114 9.496243
115 9.601548
116 9.705698
117 9.808730
118 9.910680
119 10.011581
120 10.111465
121 10.210363
122 10.308303
123 10.405312
124 10.501417
125 10.596642
126 10.691011
127 10.784548
128 10.877273
129 10.969208
130 11.060372
131 11.150785
132 11.240465
133 11.329429
134 11.417695
135 11.505278
136 11.592195
137 11.678460
138 11.764088
139 11.849092
140 11.933487
141 2.386697
142 3.386697
143 1.000000
144 2.000000
145 2.500000
146 2.900000
147 3.244828
148 3.553010
149 3.834462
150 4.095255
151 4.339440
152 4.569884
153 1.000000
154 2.000000
155 3.000000
156 1.000000
157 1.000000
158 2.000000
159 2.500000
160 2.900000
161 3.244828
162 3.553010
163 1.000000
164 2.000000
165 2.500000
166 2.900000
167 3.244828
168 3.553010
169 3.834462
170 1.000000
171 2.000000
172 1.000000
173 1.000000
174 2.000000
175 2.500000
176 2.900000
177 3.244828
178 3.553010
179 3.834462
180 4.095255
181 4.339440
182 4.569884
183 4.788708
184 4.997533
185 5.197631
186 1.039526
187 2.039526
188 3.039526
189 3.368525
190 3.665391
191 3.938213
192 4.192135
193 4.430677
194 4.656376
195 1.000000
196 2.000000
197 3.000000
198 3.333333
199 3.633333
200 3.908563
201 4.164411
202 4.404541
203 4.631580
204 4.847489
205 5.053781
206 5.251653
207 5.442069
208 5.625823
209 5.803574
210 1.160715
211 2.160715
212 3.160715
213 3.477099
214 3.764695
215 4.030321
216 4.278440
217 4.512170
218 4.733793
219 1.000000
220 2.000000
221 3.000000
222 3.333333
223 3.633333
224 3.908563
225 4.164411
226 4.404541
227 4.631580
228 4.847489
229 5.053781
230 5.251653
231 5.442069
232 5.625823
233 5.803574
234 5.975882
235 6.143221
236 1.228644
237 2.228644
238 3.228644
239 3.538372
240 3.820988
241 4.082700
242 4.327636
243 4.558709
244 4.778069
245 4.987359
246 5.187866
247 5.380623
248 1.076125
249 2.076125
250 3.076125
251 3.401209
252 3.695222
253 3.965842
254 4.217995
255 4.455075
256 4.679538
257 4.893234
258 5.097598
259 5.293769
260 5.482670
261 5.665063
262 5.841583
263 6.012770
264 6.179083
265 6.340919
266 1.268184
267 2.268184
268 3.268184
269 3.574164
270 1.000000
271 2.000000
272 2.500000
273 2.900000
274 3.244828
275 3.553010
276 3.834462
277 4.095255
278 4.339440
279 4.569884
280 4.788708
281 4.997533
282 1.000000
283 2.000000
284 3.000000
285 3.333333
286 3.633333
287 3.908563
288 4.164411
289 4.404541
290 4.631580
291 4.847489
292 5.053781
293 5.251653
294 5.442069
295 5.625823
296 5.803574
297 5.975882
298 6.143221
299 6.306002
300 6.464581
301 6.619270
302 6.770345
303 6.918047
304 7.062597
305 7.204188
306 7.342996
307 7.479180
308 7.612885
309 7.744241
310 7.873369
311 8.000380
312 8.125374
313 8.248445
314 8.369680
315 8.489159
316 8.606956
317 8.723141
318 8.837779
319 8.950929
320 9.062650
321 9.172993
322 9.282008
323 9.389744
324 9.496243
325 9.601548
326 9.705698
327 9.808730
328 9.910680
329 10.011581
330 10.111465
331 10.210363
332 10.308303
333 10.405312
334 10.501417
335 10.596642
336 10.691011
337 10.784548
338 10.877273
339 10.969208
340 11.060372
341 11.150785
342 2.230157
343 3.230157
344 4.230157
345 5.230157
346 6.230157
347 6.390667
348 1.278133
349 2.278133
350 3.278133
351 3.583185
352 3.862266
353 4.121182
354 4.363830
355 4.592987
356 4.810710
357 5.018580
358 5.217839
359 5.409489
360 5.594350
361 5.773102
362 5.946319
363 6.114490
364 6.278036
365 6.437321
366 6.592666
367 6.744349
368 6.892622
369 7.037704
370 7.179796
371 7.319076
372 7.455705
373 7.589830
374 1.517966
375 2.517966
376 3.517966
377 4.517966
378 4.739305
379 4.950306
380 5.152314
381 1.030463
382 2.030463
383 3.030463
384 3.360445
385 3.658025
386 3.931397
387 4.185759
388 1.000000
389 1.000000
390 2.000000
391 2.500000
392 2.900000
393 3.244828
394 3.553010
395 1.000000
396 1.000000
397 2.000000
398 2.500000
399 2.900000
400 3.244828
401 3.553010
402 3.834462
403 4.095255
404 4.339440
405 4.569884
406 4.788708
407 4.997533
408 5.197631
409 5.390027
410 5.575555
411 5.754909
412 5.928674
413 6.097345
414 6.261351
415 6.421061
416 6.576799
417 1.315360
418 1.000000
419 2.000000
420 2.500000
421 2.900000
422 3.244828
423 3.553010
424 3.834462
425 4.095255
426 4.339440
427 4.569884
428 4.788708
429 4.997533
430 1.000000
431 2.000000
432 3.000000
433 3.333333
434 3.633333
435 3.908563
436 4.164411
437 4.404541
438 4.631580
439 4.847489
440 5.053781
441 5.251653
442 5.442069
443 5.625823
444 5.803574
445 5.975882
446 6.143221
447 6.306002
448 6.464581
449 6.619270
450 6.770345
451 6.918047
452 1.383609
453 2.383609
454 3.383609
455 4.383609
456 4.611732
457 4.828570
458 5.035671
459 5.234254
460 5.425303
461 5.609625
462 5.787890
463 5.960664
464 6.128431
465 6.291605
466 1.258321
467 2.258321
468 3.258321
469 3.565228
470 3.845715
471 4.105744
472 4.349305
473 4.579227
474 4.797605
475 5.006042
476 5.205801
477 5.397894
478 1.079579
479 1.000000
480 2.000000
481 2.500000
482 2.900000
483 3.244828
484 3.553010
485 1.000000
486 1.000000
487 2.000000
488 2.500000
489 2.900000
490 3.244828
491 3.553010
492 3.834462
493 4.095255
494 4.339440
495 4.569884
496 4.788708
497 4.997533
498 5.197631
499 5.390027
500 5.575555
501 5.754909
502 5.928674
503 6.097345
504 6.261351
505 6.421061
506 6.576799
507 6.728848
508 6.877462
509 7.022865
510 7.165257
511 7.304819
512 7.441715
513 7.576093
514 7.708087
515 7.837821
516 7.965407
517 8.090950
518 8.214545
519 8.336280
520 8.456238
521 8.574494
522 8.691119
523 8.806179
524 8.919735
525 9.031846
526 9.142565
527 9.251944
528 9.360029
529 9.466867
530 9.572498
531 9.676964
532 9.780302
533 9.882549
534 9.983737
535 10.083900
536 10.183068
537 10.281270
538 10.378535
539 10.474887
540 10.570354
541 10.664958
542 10.758723
543 10.851671
544 10.943822
545 11.035198
546 2.207040
547 3.207040
548 4.207040
549 5.207040
550 6.207040
551 6.368147
552 6.525179
553 6.678431
554 1.335686
555 2.335686
556 3.335686
557 4.335686
558 4.566330
559 4.785324
560 4.994297
561 5.194525
562 5.387035
563 1.077407
564 2.077407
565 3.077407
566 3.402356
567 3.696270
568 3.966813
569 4.218905
570 4.455933
571 1.000000
572 1.000000
573 2.000000
574 2.500000
575 2.900000
576 3.244828
577 3.553010
578 3.834462
579 4.095255
580 4.339440
581 4.569884
582 4.788708
583 4.997533
