0 0.000000
1 2.000000
2 1.000000
3 2.000000
4 2.500000
5 2.900000
6 1.000000
7 1.000000
8 2.000000
9 1.000000
10 2.000000
11 1.000000
12 2.000000
13 1.000000
14 2.000000
15 2.500000
16 2.900000
17 3.244828
18 3.553010
19 1.000000
20 2.000000
21 1.000000
22 1.000000
23 1.000000
24 2.000000
25 1.000000
26 1.000000
27 1.000000
28 1.000000
29 2.000000
30 1.000000
31 2.000000
32 2.500000
33 2.900000
34 1.000000
35 2.000000
36 2.500000
37 1.000000
38 2.000000
39 1.000000
40 2.000000
41 2.500000
42 2.900000
43 1.000000
44 2.000000
45 1.000000
46 1.000000
47 2.000000
48 2.500000
49 1.000000
50 2.000000
51 2.500000
52 1.000000
53 1.000000
54 2.000000
55 2.500000
56 1.000000
57 1.000000
58 1.000000
59 1.000000
60 1.000000
61 1.000000
62 2.000000
63 2.500000
64 2.900000
65 1.000000
66 2.000000
67 1.000000
68 2.000000
69 2.500000
70 2.900000
71 3.244828
72 1.000000
73 1.000000
74 2.000000
75 2.500000
76 2.900000
77 1.000000
78 2.000000
79 2.500000
80 1.000000
81 2.000000
82 1.000000
83 1.000000
84 2.000000
85 2.500000
86 1.000000
87 1.000000
88 2.000000
89 1.000000
90 2.000000
91 2.500000
92 2.900000
93 3.244828
94 3.553010
95 1.000000
96 2.000000
97 1.000000
98 2.000000
99 2.500000
100 2.900000
101 1.000000
102 1.000000
103 2.000000
104 2.500000
105 1.000000
106 2.000000
107 2.500000
108 1.000000
109 2.000000
110 1.000000
111 2.000000
112 1.000000
113 1.000000
114 1.000000
115 1.000000
116 1.000000
117 2.000000
118 1.000000
119 1.000000
120 2.000000
121 1.000000
122 1.000000
123 1.000000
124 2.000000
125 2.500000
126 2.900000
127 3.244828
128 1.000000
129 2.000000
130 1.000000
131 1.000000
132 1.000000
133 2.000000
134 1.000000
135 1.000000
136 2.000000
137 1.000000
138 2.000000
139 1.000000
140 2.000000
141 1.000000
142 2.000000
143 1.000000
144 2.000000
145 1.000000
146 1.000000
147 2.000000
148 2.500000
149 2.900000
150 3.244828
151 3.553010
152 3.834462
153 1.000000
154 1.000000
155 2.000000
156 1.000000
157 1.000000
158 1.000000
159 1.000000
160 2.000000
161 2.500000
162 2.900000
163 1.000000
164 1.000000
165 2.000000
166 1.000000
167 2.000000
168 1.000000
169 2.000000
170 1.000000
171 2.000000
172 1.000000
173 1.000000
174 2.000000
175 2.500000
176 1.000000
177 1.000000
178 1.000000
179 2.000000
180 2.500000
181 1.000000
182 2.000000
183 2.500000
184 1.000000
185 2.000000
186 1.000000
187 2.000000
188 2.500000
189 1.000000
190 2.000000
191 2.500000
192 2.900000
193 3.244828
194 3.553010
195 1.000000
196 2.000000
197 2.500000
198 2.900000
199 3.244828
200 3.553010
201 3.834462
202 4.095255
203 4.339440
204 4.569884
205 4.788708
206 1.000000
207 1.000000
208 2.000000
209 2.500000
210 1.000000
211 2.000000
212 1.000000
213 2.000000
214 1.000000
215 2.000000
216 1.000000
217 1.000000
218 1.000000
219 1.000000
220 2.000000
221 1.000000
222 2.000000
223 2.500000
224 2.900000
225 1.000000
226 2.000000
227 2.500000
228 1.000000
229 1.000000
230 2.000000
231 2.500000
232 1.000000
233 1.000000
234 2.000000
235 1.000000
236 1.000000
237 1.000000
238 2.000000
239 2.500000
240 1.000000
241 2.000000
242 1.000000
243 1.000000
244 1.000000
245 2.000000
246 1.000000
247 2.000000
248 1.000000
249 1.000000
250 2.000000
251 2.500000
252 2.900000
253 1.000000
254 1.000000
255 2.000000
256 2.500000
257 2.900000
258 1.000000
259 2.000000
260 1.000000
261 2.000000
262 2.500000
263 2.900000
264 1.000000
265 2.000000
266 1.000000
267 1.000000
268 2.000000
269 2.500000
270 1.000000
271 1.000000
272 1.000000
273 2.000000
274 2.500000
275 2.900000
276 1.000000
277 2.000000
278 1.000000
279 1.000000
280 1.000000
281 2.000000
282 1.000000
283 2.000000
284 1.000000
285 1.000000
286 1.000000
287 2.000000
288 2.500000
289 2.900000
290 3.244828
291 1.000000
292 2.000000
293 1.000000
294 2.000000
295 2.500000
296 2.900000
297 3.244828
298 1.000000
299 2.000000
300 2.500000
301 1.000000
302 2.000000
303 2.500000
304 2.900000
305 1.000000
306 2.000000
307 1.000000
308 1.000000
309 2.000000
310 1.000000
311 1.000000
312 2.000000
313 1.000000
314 1.000000
315 1.000000
316 2.000000
317 2.500000
318 1.000000
319 2.000000
320 1.000000
321 2.000000
322 2.500000
323 1.000000
324 1.000000
325 1.000000
326 1.000000
327 1.000000
328 1.000000
329 1.000000
330 2.000000
331 2.500000
332 2.900000
333 3.244828
334 3.553010
335 1.000000
336 1.000000
337 1.000000
338 2.000000
339 2.500000
340 1.000000
341 1.000000
342 1.000000
343 1.000000
344 2.000000
345 1.000000
346 1.000000
347 1.000000
348 1.000000
349 1.000000
350 2.000000
351 2.500000
352 1.000000
353 2.000000
354 2.500000
355 1.000000
356 1.000000
357 2.000000
358 2.500000
359 2.900000
360 1.000000
361 2.000000
362 1.000000
363 2.000000
364 1.000000
365 1.000000
366 1.000000
367 2.000000
368 2.500000
369 2.900000
370 1.000000
371 2.000000
372 1.000000
373 1.000000
374 1.000000
375 2.000000
376 2.500000
377 1.000000
378 1.000000
379 2.000000
380 2.500000
381 1.000000
382 1.000000
383 2.000000
384 2.500000
385 1.000000
386 1.000000
387 2.000000
388 1.000000
389 1.000000
390 1.000000
391 1.000000
392 2.000000
393 2.500000
394 1.000000
395 1.000000
396 1.000000
397 1.000000
398 2.000000
399 2.500000
400 1.000000
401 1.000000
402 2.000000
403 2.500000
404 2.900000
405 3.244828
406 1.000000
407 1.000000
408 2.000000
409 1.000000
410 1.000000
411 2.000000
412 2.500000
413 2.900000
414 3.244828
415 1.000000
416 2.000000
417 1.000000
418 1.000000
419 2.000000
420 1.000000
421 1.000000
422 1.000000
423 2.000000
424 1.000000
425 1.000000
426 2.000000
427 1.000000
428 2.000000
429 2.500000
430 1.000000
431 1.000000
432 2.000000
433 2.500000
434 2.900000
435 1.000000
436 1.000000
437 1.000000
438 2.000000
439 1.000000
440 2.000000
441 2.500000
442 2.900000
443 1.000000
444 1.000000
445 1.000000
446 1.000000
447 1.000000
448 1.000000
449 2.000000
450 1.000000
451 2.000000
452 1.000000
453 1.000000
454 1.000000
455 1.000000
456 2.000000
457 1.000000
458 2.000000
459 2.500000
460 2.900000
461 3.244828
462 3.553010
463 3.834462
464 1.000000
465 2.000000
466 1.000000
467 2.000000
468 2.500000
469 2.900000
470 3.244828
471 3.553010
472 1.000000
473 1.000000
474 2.000000
475 2.500000
476 2.900000
477 1.000000
478 1.000000
479 1.000000
480 2.000000
481 1.000000
482 2.000000
483 2.500000
484 2.900000
485 1.000000
486 1.000000
487 1.000000
488 1.000000
489 2.000000
490 2.500000
491 1.000000
492 1.000000
493 2.000000
494 2.500000
495 2.900000
496 1.000000
497 2.000000
498 1.000000
499 1.000000
500 2.000000
501 2.500000
502 2.900000
503 3.244828
504 1.000000
505 1.000000
506 2.000000
507 2.500000
508 2.900000
509 3.244828
510 3.553010
511 1.000000
512 2.000000
513 2.500000
514 2.900000
515 1.000000
516 2.000000
517 2.500000
518 2.900000
519 3.244828
520 3.553010
521 3.834462
522 4.095255
523 4.339440
524 1.000000
525 2.000000
526 3.000000
527 3.333333
528 3.633333
529 3.908563
530 4.164411
531 1.000000
532 2.000000
533 1.000000
534 1.000000
535 2.000000
536 2.500000
537 2.900000
538 3.244828
539 1.000000
540 2.000000
541 2.500000
542 2.900000
543 3.244828
544 1.000000
545 2.000000
546 1.000000
547 2.000000
548 2.500000
549 2.900000
550 3.244828
551 1.000000
552 1.000000
553 2.000000
554 1.000000
555 2.000000
556 1.000000
557 2.000000
558 1.000000
559 1.000000
560 1.000000
561 1.000000
562 1.000000
563 1.000000
564 2.000000
565 2.500000
566 2.900000
567 3.244828
568 1.000000
569 1.000000
570 2.000000
571 1.000000
572 1.000000
573 2.000000
574 2.500000
575 1.000000
576 1.000000
577 2.000000
578 2.500000
579 2.900000
580 1.000000
581 1.000000
582 2.000000
583 2.500000
584 2.900000
585 3.244828
586 3.553010
587 1.000000
588 2.000000
589 1.000000
590 1.000000
591 2.000000
592 1.000000
593 2.000000
594 2.500000
595 1.000000
596 1.000000
597 2.000000
598 2.500000
599 2.900000
600 1.000000
601 2.000000
602 2.500000
603 1.000000
604 1.000000
605 2.000000
606 2.500000
607 2.900000
608 1.000000
609 1.000000
610 1.000000
611 2.000000
612 2.500000
613 1.000000
614 2.000000
615 2.500000
616 1.000000
617 1.000000
618 1.000000
619 2.000000
620 2.500000
621 2.900000
622 3.244828
623 1.000000
624 2.000000
625 2.500000
626 1.000000
627 1.000000
628 1.000000
629 1.000000
630 2.000000
631 2.500000
632 2.900000
633 3.244828
634 3.553010
635 1.000000
636 1.000000
637 1.000000
638 2.000000
639 2.500000
640 2.900000
641 1.000000
642 1.000000
643 2.000000
644 1.000000
645 2.000000
646 2.500000
647 1.000000
648 1.000000
649 2.000000
650 1.000000
651 2.000000
652 2.500000
653 2.900000
654 3.244828
655 1.000000
656 1.000000
657 1.000000
658 1.000000
659 2.000000
660 1.000000
661 1.000000
662 1.000000
663 2.000000
664 1.000000
665 1.000000
666 1.000000
667 1.000000
668 2.000000
669 2.500000
670 1.000000
671 2.000000
672 1.000000
673 1.000000
674 1.000000
675 1.000000
676 1.000000
677 1.000000
678 2.000000
679 2.500000
680 1.000000
681 1.000000
682 1.000000
683 2.000000
684 2.500000
685 1.000000
686 2.000000
687 1.000000
688 2.000000
689 1.000000
690 2.000000
691 2.500000
692 1.000000
693 2.000000
694 2.500000
695 1.000000
696 1.000000
697 2.000000
698 2.500000
699 2.900000
700 3.244828
701 3.553010
702 1.000000
703 2.000000
704 1.000000
705 2.000000
706 1.000000
707 2.000000
708 1.000000
709 1.000000
710 1.000000
711 1.000000
712 1.000000
713 2.000000
714 1.000000
715 2.000000
716 2.500000
717 1.000000
718 2.000000
719 1.000000
720 1.000000
721 2.000000
722 1.000000
723 2.000000
724 1.000000
725 2.000000
726 2.500000
727 2.900000
728 3.244828
729 3.553010
730 1.000000
731 1.000000
732 2.000000
733 2.500000
734 1.000000
735 2.000000
736 1.000000
737 1.000000
738 2.000000
739 1.000000
740 1.000000
741 2.000000
742 2.500000
743 1.000000
744 1.000000
745 2.000000
746 1.000000
747 1.000000
748 2.000000
749 1.000000
750 2.000000
751 1.000000
752 2.000000
753 2.500000
754 2.900000
755 1.000000
756 2.000000
757 2.500000
758 2.900000
759 1.000000
760 1.000000
761 1.000000
762 2.000000
763 2.500000
764 2.900000
765 3.244828
766 3.553010
767 3.834462
768 4.095255
769 1.000000
770 1.000000
771 1.000000
772 1.000000
773 1.000000
774 1.000000
775 1.000000
776 2.000000
777 2.500000
778 2.900000
779 1.000000
780 1.000000
781 1.000000
782 1.000000
783 2.000000
784 1.000000
785 1.000000
786 1.000000
787 2.000000
788 2.500000
789 1.000000
790 2.000000
791 2.500000
792 1.000000
793 1.000000
794 2.000000
795 2.500000
796 1.000000
797 2.000000
798 2.500000
799 2.900000
800 3.244828
801 1.000000
802 2.000000
803 2.500000
804 1.000000
805 1.000000
806 1.000000
807 2.000000
808 1.000000
809 2.000000
810 1.000000
811 1.000000
812 2.000000
813 2.500000
814 1.000000
815 2.000000
816 2.500000
817 1.000000
818 2.000000
819 1.000000
820 1.000000
821 2.000000
822 1.000000
823 2.000000
824 1.000000
825 1.000000
826 1.000000
827 1.000000
828 2.000000
829 1.000000
830 2.000000
831 2.500000
832 1.000000
833 2.000000
834 2.500000
835 1.000000
836 2.000000
837 2.500000
838 1.000000
839 1.000000
840 2.000000
841 1.000000
842 1.000000
843 1.000000
844 1.000000
845 1.000000
846 1.000000
847 1.000000
848 2.000000
849 1.000000
850 1.000000
851 1.000000
852 2.000000
853 2.500000
854 2.900000
855 3.244828
856 3.553010
857 1.000000
858 1.000000
859 2.000000
860 1.000000
861 2.000000
862 1.000000
863 1.000000
864 2.000000
865 2.500000
866 2.900000
867 3.244828
868 1.000000
869 2.000000
870 2.500000
871 2.900000
872 1.000000
873 2.000000
874 1.000000
875 1.000000
876 1.000000
877 2.000000
878 1.000000
879 2.000000
880 2.500000
881 2.900000
882 3.244828
883 3.553010
884 3.834462
885 4.095255
886 4.339440
887 4.569884
888 4.788708
889 4.997533
890 1.000000
891 2.000000
892 3.000000
893 1.000000
894 1.000000
895 1.000000
896 2.000000
897 2.500000
898 2.900000
899 1.000000
900 2.000000
901 1.000000
902 1.000000
903 2.000000
904 1.000000
905 1.000000
906 1.000000
907 1.000000
908 1.000000
909 2.000000
910 2.500000
911 1.000000
912 2.000000
913 2.500000
914 2.900000
915 1.000000
916 1.000000
917 2.000000
918 2.500000
919 2.900000
920 1.000000
921 2.000000
922 2.500000
923 2.900000
924 3.244828
925 3.553010
926 1.000000
927 2.000000
928 2.500000
929 2.900000
930 3.244828
931 1.000000
932 1.000000
933 2.000000
934 1.000000
935 1.000000
936 1.000000
937 1.000000
938 1.000000
939 2.000000
940 1.000000
941 1.000000
942 2.000000
943 2.500000
944 1.000000
945 2.000000
946 2.500000
947 1.000000
948 1.000000
949 1.000000
950 1.000000
951 2.000000
952 1.000000
953 2.000000
954 1.000000
955 2.000000
956 2.500000
957 1.000000
958 1.000000
959 1.000000
960 1.000000
961 1.000000
962 2.000000
963 1.000000
964 1.000000
965 2.000000
966 1.000000
967 1.000000
968 1.000000
969 2.000000
970 1.000000
971 1.000000
972 1.000000
973 1.000000
974 2.000000
975 1.000000
976 2.000000
977 2.500000
978 2.900000
979 1.000000
980 1.000000
981 2.000000
982 2.500000
983 1.000000
984 2.000000
985 1.000000
986 2.000000
987 2.500000
988 2.900000
989 1.000000
990 2.000000
991 2.500000
992 2.900000
993 1.000000
994 1.000000
995 2.000000
996 1.000000
997 2.000000
998 1.000000
999 1.000000
1000 2.000000
1001 1.000000
1002 2.000000
1003 2.500000
1004 1.000000
1005 2.000000
1006 1.000000
1007 1.000000
1008 1.000000
1009 2.000000
1010 1.000000
1011 1.000000
1012 2.000000
1013 1.000000
1014 1.000000
1015 2.000000
1016 1.000000
1017 1.000000
1018 1.000000
1019 1.000000
1020 2.000000
1021 2.500000
1022 2.900000
1023 3.244828
